1	56
1	66
1	81
1	100
1	112
1	359
1	381
1	415
1	433
1	446
1	474
1	514
1	544
1	584
1	590
1	669
1	689
1	690
1	723
1	782
1	783
1	843
1	880
1	914
1	953
1	960
2	153
2	731
2	1931
3	961
4	633
5	587
6	37
6	64
6	98
6	602
6	915
6	948
7	21
7	65
7	662
7	681
8	390
8	615
8	1000
8	1003
9	867
9	1980
10	158
10	202
10	260
10	558
10	819
10	969
11	390
11	440
12	387
12	944
13	508
13	776
13	1738
14	250
15	543
15	867
15	1627
16	390
17	145
18	488
18	600
18	662
18	831
19	60
19	846
20	495
21	7
21	662
22	679
22	1675
23	118
23	303
23	335
23	390
23	455
23	469
23	598
23	667
23	698
23	898
24	309
24	703
25	127
25	392
25	406
25	684
25	946
25	951
26	70
26	296
26	357
26	461
26	654
26	682
26	887
27	87
27	263
27	1631
28	393
29	49
29	55
29	106
29	107
29	153
29	275
29	390
29	422
29	522
29	632
29	713
29	747
29	986
29	998
30	739
30	791
30	792
30	817
30	858
31	471
31	505
31	1201
31	1237
31	1280
31	1647
31	1784
31	1985
31	2058
31	2142
32	297
32	471
32	645
32	731
32	778
32	881
32	1280
32	1355
32	1487
32	1737
32	2075
32	2194
32	2641
32	2746
32	2782
32	2988
33	591
33	664
33	685
33	686
33	696
33	844
34	260
35	180
35	366
35	572
35	696
35	698
35	827
35	828
35	1584
36	93
36	500
36	642
36	813
37	6
37	98
37	274
37	329
37	660
37	915
38	80
38	182
38	310
38	444
38	827
38	1265
38	1721
38	2447
39	642
40	488
40	1009
41	146
41	148
41	177
41	411
41	480
41	620
41	624
41	659
41	846
41	848
42	418
42	2745
43	487
43	488
43	643
44	846
45	631
45	677
45	867
46	732
46	750
47	846
48	213
48	777
49	29
49	107
49	422
49	747
50	846
51	762
52	318
52	355
52	356
52	364
52	390
52	438
52	439
52	470
52	481
52	482
52	483
52	516
52	596
52	615
52	746
52	1004
53	611
54	161
54	309
55	29
55	68
55	184
55	275
55	390
55	422
55	522
55	698
55	713
55	747
55	955
55	997
55	998
56	1
56	970
56	971
56	2189
56	3233
57	172
57	505
57	1490
57	1819
57	3245
58	157
58	1125
58	1251
58	1533
58	1605
58	1633
58	1679
58	1766
58	1975
59	180
59	302
59	390
59	414
59	439
59	553
59	696
60	19
60	603
60	846
61	443
61	585
62	943
62	985
63	801
63	2571
64	6
64	98
64	274
64	329
64	660
64	915
64	948
65	7
65	92
65	210
65	239
65	568
65	642
66	1
66	152
66	218
66	266
66	875
66	991
67	331
68	55
68	106
68	176
68	291
68	615
68	713
68	747
68	997
68	998
68	999
69	301
70	26
70	265
70	276
70	296
70	338
70	355
70	356
70	372
70	461
70	505
70	516
71	630
71	658
71	749
72	190
72	938
73	673
74	893
75	990
76	495
77	673
78	734
78	812
78	915
79	505
79	533
79	731
80	38
80	104
80	278
80	460
80	827
80	1018
80	1721
80	2443
80	2652
80	3118
81	1
81	269
81	1542
82	846
83	390
83	657
84	274
84	642
85	742
85	985
86	366
86	390
86	618
86	696
86	697
86	698
87	27
87	262
87	272
87	460
87	461
87	538
87	584
87	625
87	768
87	796
87	1005
88	596
89	152
89	154
89	266
89	778
89	779
89	904
89	1279
89	1992
89	1993
89	2066
90	545
90	547
90	787
91	474
91	861
91	1628
92	65
92	681
92	794
93	36
94	447
94	762
94	799
95	285
95	373
95	374
95	390
95	439
95	444
95	445
96	570
96	573
96	697
96	2890
97	912
97	996
98	6
98	37
98	64
98	329
98	660
98	948
99	390
99	698
100	1
100	722
100	930
100	951
101	679
102	541
103	267
104	80
104	272
104	364
104	390
105	129
105	131
105	134
105	140
106	29
106	68
106	176
106	180
106	275
106	422
106	522
106	698
106	713
106	747
106	997
106	998
107	29
107	49
107	184
107	275
107	291
107	390
107	422
107	442
107	522
107	553
107	698
107	713
107	747
107	997
107	998
108	265
108	276
108	338
108	372
108	502
109	173
109	383
109	837
109	1492
109	2118
110	323
110	847
111	583
112	1
113	916
114	382
115	329
116	568
116	670
117	410
118	23
119	381
119	809
120	633
121	642
121	813
121	815
121	865
122	263
122	297
122	471
122	1003
122	2717
123	310
123	546
123	667
123	668
124	880
125	821
126	243
126	616
127	25
127	297
127	471
128	637
129	105
129	588
130	182
130	1495
130	2349
131	105
131	588
132	563
133	323
133	1096
134	105
134	588
134	690
135	319
135	370
135	609
135	714
135	715
136	642
136	808
136	813
137	330
137	416
138	486
138	846
139	495
139	730
140	105
140	588
141	144
141	418
141	1001
142	416
142	472
142	496
143	703
144	141
144	146
144	281
144	416
144	453
144	821
144	1001
145	17
145	472
145	497
145	541
145	821
146	41
146	144
146	230
146	416
146	418
146	821
146	906
147	390
147	456
147	926
148	41
148	230
149	150
149	325
149	326
149	636
149	916
149	1506
149	1698
150	149
150	326
150	636
150	916
150	1506
150	1698
151	390
151	597
152	66
152	89
152	266
152	291
152	565
152	572
153	2
153	29
153	275
153	291
153	390
153	422
153	522
153	698
153	713
153	747
154	89
154	291
154	390
154	460
154	483
155	390
155	698
156	390
156	698
157	58
157	290
157	640
158	10
158	567
158	582
158	969
159	285
159	291
159	504
159	546
160	595
160	752
160	853
160	979
161	54
161	309
162	781
163	290
164	353
164	951
165	862
166	655
166	730
167	291
167	364
167	390
167	439
167	462
167	607
167	638
167	798
168	607
169	293
170	287
170	306
170	348
170	494
170	520
170	845
171	506
171	816
172	57
172	505
172	1166
172	1928
173	109
173	384
173	514
173	837
174	410
174	509
175	479
176	68
176	106
176	390
176	829
176	986
176	997
177	41
177	230
178	228
178	232
178	236
179	267
179	297
179	438
179	471
179	572
179	645
179	778
179	1073
179	1280
179	1647
179	1915
179	1985
180	35
180	59
180	106
180	303
180	390
180	571
180	687
180	697
180	716
180	841
180	986
181	846
182	38
182	130
182	278
182	390
182	523
183	185
183	452
183	604
183	2199
183	3075
184	55
184	107
184	422
184	538
184	585
184	693
184	696
184	713
184	998
184	999
184	1247
184	1758
184	3206
185	183
185	604
185	2619
185	2825
185	3003
185	3221
186	846
186	965
187	846
188	530
188	790
188	813
189	391
189	483
190	72
191	409
191	660
191	846
192	606
193	757
193	758
193	759
194	265
194	372
194	422
194	445
194	3080
195	752
196	389
196	972
197	646
197	897
198	416
199	605
199	2825
200	390
200	581
201	383
201	837
201	1492
201	2118
202	10
202	255
202	385
202	386
202	387
202	583
202	653
202	846
202	931
202	932
203	239
203	274
203	660
204	649
204	944
205	669
206	507
206	1625
207	499
208	495
208	658
209	347
209	640
210	65
210	279
210	681
211	658
212	390
212	439
212	962
213	48
213	293
213	396
213	397
213	447
213	871
214	653
214	859
215	671
216	291
216	683
217	590
217	614
217	723
218	66
218	724
218	731
218	1245
218	1487
218	1721
218	2097
218	2386
218	2616
218	3256
219	390
219	680
220	618
221	390
222	923
223	707
224	696
225	652
226	630
226	985
227	752
228	178
228	295
228	305
229	624
230	146
230	148
230	177
230	411
230	480
230	620
230	624
231	390
231	680
232	178
232	295
232	305
233	292
233	390
233	420
234	364
234	390
234	570
235	591
235	738
235	1066
235	1224
235	1565
236	178
236	295
236	305
237	978
238	607
239	65
239	203
239	498
239	642
239	681
239	703
240	386
240	583
240	617
240	653
240	793
240	931
241	410
241	630
241	658
242	821
242	846
242	978
243	126
243	616
244	364
244	390
244	439
244	483
244	546
244	925
245	721
245	1008
246	809
246	2539
247	805
247	932
247	1002
248	390
248	680
249	388
250	14
250	690
251	302
251	364
251	373
251	438
251	517
251	667
251	668
251	698
251	744
251	1950
252	290
253	364
253	390
253	439
253	483
253	546
253	925
254	390
255	202
255	653
256	447
257	555
257	572
258	943
259	364
259	390
259	439
259	483
259	546
259	925
260	10
260	34
260	290
261	523
262	87
262	272
262	373
262	471
262	540
262	672
262	779
262	796
262	886
263	27
263	122
263	283
263	311
263	344
263	424
263	425
263	426
263	460
263	565
263	684
263	767
263	768
263	795
263	839
264	722
264	814
265	70
265	108
265	194
265	501
265	502
265	566
265	654
265	887
266	66
266	89
266	152
266	297
266	684
266	731
266	904
266	2074
266	3146
267	103
267	179
267	779
268	560
268	667
269	81
269	877
270	867
271	487
271	488
271	611
271	642
271	643
271	689
272	87
272	104
272	262
272	285
272	310
272	471
272	516
272	779
272	826
272	886
273	432
273	433
274	37
274	64
274	84
274	203
274	734
274	915
275	29
275	55
275	106
275	107
275	153
275	469
275	618
275	696
275	955
275	986
275	999
275	1247
276	70
276	108
276	463
276	471
276	554
276	579
276	580
276	654
276	826
276	887
276	900
276	901
277	950
278	80
278	182
278	310
278	444
278	827
278	1173
278	1265
278	1721
278	2447
279	210
279	358
279	2281
279	2934
279	2965
279	2966
280	324
280	350
280	916
281	144
281	418
281	419
281	583
281	821
281	860
282	630
283	263
283	311
284	429
284	731
284	1510
285	95
285	159
285	272
285	356
285	445
285	471
285	696
285	895
285	2465
286	543
286	544
287	170
287	337
287	674
287	691
287	845
288	614
288	916
289	731
290	157
290	163
290	252
290	260
290	782
290	783
291	68
291	107
291	152
291	153
291	154
291	159
291	167
291	216
291	317
291	336
291	356
291	445
291	462
291	470
291	482
291	501
291	516
291	589
291	639
291	672
291	682
291	693
291	707
291	745
291	925
291	926
291	1711
291	3087
292	233
293	169
293	213
293	396
293	397
293	650
293	777
294	587
295	228
295	232
295	236
295	475
295	534
295	601
295	633
295	731
295	770
295	881
296	26
296	70
296	447
296	654
296	1006
297	32
297	122
297	127
297	179
297	266
297	504
297	540
297	796
297	801
297	1230
297	2975
298	763
298	1009
299	468
299	647
300	418
301	69
301	2235
302	59
302	251
302	364
302	438
302	439
302	745
302	803
302	910
303	23
303	180
303	390
303	697
303	840
304	633
305	228
305	232
305	236
305	429
305	1509
305	1707
306	170
306	614
307	846
308	867
308	1980
309	24
309	54
309	161
310	38
310	123
310	272
310	278
310	517
310	573
310	698
311	263
311	283
311	2098
311	2511
311	2512
312	315
313	315
313	642
313	660
313	849
314	315
314	642
314	660
315	312
315	313
315	314
316	410
316	621
317	291
317	390
318	52
318	390
318	481
318	596
319	135
319	787
320	729
320	735
320	736
320	1008
321	824
322	684
323	110
323	133
323	512
323	513
323	514
324	280
324	326
324	636
324	1506
324	1698
325	149
325	326
325	636
325	916
325	1506
325	1698
326	149
326	150
326	324
326	325
326	350
326	590
326	636
326	916
326	1506
326	1698
327	636
327	916
327	1506
327	1698
328	616
328	660
328	947
329	37
329	64
329	98
329	115
329	660
329	820
329	915
329	947
330	137
330	658
331	67
332	439
332	596
332	798
332	2330
333	721
334	389
334	755
335	23
336	291
336	390
336	597
337	287
337	674
338	70
338	108
338	463
338	471
338	554
338	579
338	580
338	654
338	826
338	887
338	900
338	901
339	812
339	1853
339	2770
339	3114
340	509
341	867
341	1384
341	1557
341	3212
342	770
343	868
343	1800
344	263
344	2550
345	856
346	477
347	209
347	718
348	170
348	629
348	642
348	847
348	981
349	573
349	574
349	618
349	1175
350	280
350	326
350	515
350	614
350	628
350	984
351	354
351	416
351	2559
352	353
352	354
352	2563
353	164
353	352
353	354
353	421
354	351
354	352
354	353
354	1952
354	2249
354	2392
354	2559
354	2560
354	2565
354	2566
354	2742
355	52
355	70
355	356
355	364
355	390
355	439
355	483
355	746
355	771
355	975
355	976
355	1003
356	52
356	70
356	285
356	291
356	355
356	390
356	744
356	746
356	772
357	26
357	887
358	279
358	359
359	1
359	358
360	361
360	419
360	821
361	360
362	970
363	390
363	764
364	52
364	104
364	167
364	234
364	244
364	251
364	253
364	259
364	302
364	355
364	365
364	382
364	439
364	462
364	470
364	481
364	482
364	483
364	516
364	517
364	523
364	525
364	549
364	672
364	696
364	700
364	705
364	744
364	745
364	776
364	803
364	909
364	910
364	917
365	364
365	439
365	798
365	1003
365	2429
366	35
366	86
366	698
366	699
367	488
368	488
369	477
369	650
370	135
370	1335
371	894
372	70
372	108
372	194
372	501
372	502
372	654
372	887
372	1006
373	95
373	251
373	262
373	374
373	444
373	445
373	2446
373	2974
373	2975
374	95
374	373
374	444
374	445
374	762
375	515
375	629
376	672
377	672
377	1000
377	2358
378	946
378	1630
378	2327
378	2574
379	677
379	953
380	536
381	1
381	119
381	604
381	605
381	683
381	712
382	114
382	364
382	390
382	391
382	439
383	109
383	201
383	384
383	514
383	837
384	173
384	383
384	514
384	837
385	202
385	386
386	202
386	240
386	385
386	583
386	931
387	12
387	202
387	434
387	648
387	649
388	249
388	578
388	675
389	196
389	334
389	467
389	578
389	583
389	635
389	755
389	935
389	972
390	8
390	11
390	16
390	23
390	29
390	52
390	55
390	59
390	83
390	86
390	95
390	99
390	104
390	107
390	147
390	151
390	153
390	154
390	155
390	156
390	167
390	176
390	180
390	182
390	200
390	212
390	219
390	221
390	231
390	233
390	234
390	244
390	248
390	253
390	254
390	259
390	303
390	317
390	318
390	336
390	355
390	356
390	363
390	382
390	391
390	414
390	444
390	445
390	450
390	455
390	456
390	462
390	470
390	481
390	482
390	483
390	504
390	507
390	516
390	517
390	523
390	525
390	549
390	556
390	572
390	575
390	596
390	607
390	618
390	657
390	667
390	668
390	672
390	679
390	693
390	696
390	697
390	699
390	700
390	701
390	705
390	707
390	710
390	726
390	743
390	745
390	771
390	772
390	798
390	801
390	803
390	811
390	879
390	895
390	898
390	905
390	909
390	928
390	999
391	189
391	382
391	390
391	798
392	25
392	591
392	913
393	28
393	939
394	506
394	846
394	937
394	939
395	397
396	213
396	293
396	397
396	722
396	777
397	213
397	293
397	395
397	396
397	651
397	777
398	819
399	950
400	401
400	402
400	405
400	692
400	915
401	400
401	402
401	404
401	405
401	692
401	3138
402	400
402	401
402	3140
403	404
403	405
403	630
404	401
404	403
404	405
404	692
404	1341
404	1854
404	3138
405	400
405	401
405	403
405	404
405	692
405	2127
406	25
406	788
407	811
408	516
409	191
409	846
410	117
410	174
410	241
410	316
410	411
410	569
410	621
410	974
411	41
411	230
411	410
411	630
412	821
413	607
413	2449
413	2838
414	59
414	390
414	439
415	1
415	952
416	137
416	142
416	144
416	146
416	198
416	351
416	418
416	453
416	499
416	878
416	1002
417	453
417	809
417	821
418	42
418	141
418	146
418	281
418	300
418	416
418	453
418	821
418	1001
419	281
419	360
420	233
421	353
421	1148
421	1260
421	1643
421	1684
422	29
422	49
422	55
422	106
422	107
422	153
422	184
422	194
422	469
422	553
422	585
422	632
422	713
422	986
422	1894
423	951
424	263
424	426
425	263
425	426
426	263
426	424
426	425
427	762
428	672
428	890
429	284
429	305
429	600
429	731
429	1170
429	1406
429	1407
429	1509
429	1707
429	1718
430	731
431	867
431	924
432	273
432	433
432	704
432	854
432	914
432	1418
433	1
433	273
433	432
433	914
434	387
434	506
435	846
436	846
437	438
437	516
437	710
438	52
438	179
438	251
438	302
438	437
438	439
438	744
439	52
439	59
439	95
439	167
439	212
439	244
439	253
439	259
439	302
439	332
439	355
439	364
439	365
439	382
439	414
439	438
439	444
439	445
439	481
439	482
439	483
439	516
439	517
439	525
439	596
439	667
439	668
439	679
439	696
439	701
439	746
439	754
439	803
439	870
439	917
440	11
441	644
441	773
441	879
441	1234
441	1476
441	1528
441	1720
441	1797
441	2161
441	2430
441	2641
441	2737
442	107
443	61
443	585
444	38
444	95
444	278
444	373
444	374
444	390
444	439
444	445
445	95
445	194
445	285
445	291
445	373
445	374
445	390
445	439
445	444
446	1
446	908
446	3227
447	94
447	213
447	256
447	296
447	534
447	743
447	777
447	799
447	920
447	966
448	809
449	450
450	390
450	449
450	451
450	559
450	709
450	895
451	450
451	772
452	183
452	604
453	144
453	416
453	417
453	418
454	816
455	23
455	390
455	1007
456	147
456	390
456	697
456	926
457	458
458	457
459	572
459	696
460	80
460	87
460	154
460	263
460	538
460	684
460	1005
460	2349
460	3112
460	3115
461	26
461	70
461	87
461	887
462	167
462	291
462	364
462	390
462	555
462	608
462	827
463	276
463	338
464	738
464	2717
465	466
466	465
467	389
467	766
468	299
469	23
469	275
469	422
469	522
469	553
469	585
469	632
469	696
470	52
470	291
470	364
470	390
471	31
471	32
471	122
471	127
471	179
471	262
471	272
471	276
471	285
471	338
471	504
471	510
471	540
471	555
471	565
471	696
471	731
471	779
471	796
471	801
471	1073
471	1167
471	1197
471	1230
471	1355
471	1381
471	2212
471	2782
471	2975
472	142
472	145
472	821
473	766
473	821
474	1
474	91
474	861
474	1962
475	295
475	476
475	557
475	741
476	475
477	346
477	369
477	752
477	950
478	867
479	175
480	41
480	230
481	52
481	318
481	364
481	390
481	439
481	482
481	483
481	615
481	697
481	746
481	1003
481	1004
482	52
482	291
482	364
482	390
482	439
482	481
482	696
483	52
483	154
483	189
483	244
483	253
483	259
483	355
483	364
483	390
483	439
483	481
483	516
483	525
483	596
483	701
483	705
483	707
483	917
483	925
484	846
485	486
486	138
486	485
487	43
487	271
487	488
487	949
488	18
488	40
488	43
488	271
488	367
488	368
488	487
488	489
488	568
488	789
488	832
488	833
488	949
488	954
488	963
488	1009
489	488
490	804
491	634
492	493
492	569
492	630
493	492
493	906
493	978
494	170
494	766
494	1002
495	20
495	76
495	139
495	208
495	630
495	658
495	666
495	742
495	934
495	978
495	985
496	142
496	595
497	145
498	239
499	207
499	416
499	690
500	36
500	891
501	265
501	291
501	372
501	502
501	1003
501	1006
502	108
502	265
502	372
502	501
502	508
502	663
502	754
502	1003
502	1006
503	633
504	159
504	297
504	390
504	471
504	510
504	746
505	31
505	57
505	70
505	79
505	172
505	533
505	561
505	731
506	171
506	394
506	434
506	720
506	842
506	846
506	937
506	938
507	206
507	390
507	540
508	13
508	502
508	654
509	174
509	340
509	846
509	847
510	471
510	504
510	565
511	690
512	323
513	323
514	1
514	173
514	323
514	383
514	384
514	867
515	350
515	375
515	628
515	847
515	984
516	52
516	70
516	272
516	291
516	364
516	390
516	408
516	437
516	439
516	483
516	698
516	744
516	746
516	771
516	804
516	975
516	976
516	1003
517	251
517	310
517	364
517	390
517	439
517	525
517	672
517	870
518	951
519	690
519	813
519	846
520	170
520	846
521	615
521	700
522	29
522	55
522	106
522	107
522	153
522	469
522	615
522	618
522	696
522	955
522	986
522	998
522	999
522	1247
522	1372
522	1458
522	1462
523	182
523	261
523	364
523	390
524	970
525	364
525	390
525	439
525	483
525	517
525	589
526	846
527	846
528	846
529	878
529	2950
530	188
530	531
530	809
531	530
532	533
532	731
533	79
533	505
533	532
533	731
533	861
534	295
534	447
535	563
536	380
536	654
537	672
537	768
538	87
538	184
538	460
539	783
540	262
540	297
540	471
540	507
541	102
541	145
541	790
541	846
542	850
543	15
543	286
543	544
544	1
544	286
544	543
545	90
545	547
545	787
546	123
546	159
546	244
546	253
546	259
546	571
546	572
546	589
546	696
547	90
547	545
547	985
548	571
548	573
548	574
548	615
548	645
548	697
549	364
549	390
550	678
550	679
551	636
551	951
552	672
552	1915
552	1945
552	2154
552	2700
552	2762
553	59
553	107
553	422
553	469
553	829
553	999
553	1639
554	276
554	338
554	900
554	901
555	257
555	462
555	471
555	828
555	2256
555	2862
556	390
556	896
557	475
558	10
558	752
559	450
560	268
560	654
560	668
561	505
562	703
563	132
563	535
563	774
563	974
564	851
565	152
565	263
565	471
565	510
565	769
565	770
565	801
566	265
566	1647
567	158
568	65
568	116
568	488
568	599
568	611
568	681
568	865
569	410
569	492
569	658
570	96
570	234
570	615
570	696
570	697
571	180
571	546
571	548
571	572
571	573
571	615
571	696
571	697
571	840
572	35
572	152
572	179
572	257
572	390
572	459
572	546
572	571
572	688
572	828
573	96
573	310
573	349
573	548
573	571
573	615
573	696
573	697
574	349
574	548
574	615
574	697
574	698
575	390
575	872
576	964
576	1852
576	3163
577	607
578	388
578	389
578	752
578	787
579	276
579	338
579	580
580	276
580	338
580	579
581	200
582	158
582	611
582	846
583	111
583	202
583	240
583	281
583	386
583	389
584	1
584	87
585	61
585	184
585	422
585	443
585	469
586	807
587	5
587	294
587	738
587	951
588	129
588	131
588	134
588	140
589	291
589	525
589	546
590	1
590	217
590	326
590	723
590	977
590	1016
591	33
591	235
591	392
591	614
591	684
591	738
591	1066
591	1224
591	1565
592	594
592	846
593	594
593	846
594	592
594	593
594	846
594	915
595	160
595	496
596	52
596	88
596	318
596	332
596	390
596	439
596	483
596	607
597	151
597	336
597	598
598	23
598	597
599	568
599	670
600	18
600	429
600	833
601	295
602	6
602	660
603	60
603	845
603	849
604	183
604	185
604	381
604	452
604	992
605	199
605	381
606	192
606	848
607	167
607	168
607	238
607	390
607	413
607	577
607	596
607	638
607	705
607	772
607	895
608	462
608	827
608	1018
608	3118
609	135
609	714
609	1703
610	612
610	643
610	949
611	53
611	271
611	568
611	582
611	954
611	963
611	964
612	610
612	954
613	695
613	2350
614	217
614	288
614	306
614	350
614	591
614	1506
614	3159
614	3171
615	8
615	52
615	68
615	481
615	521
615	522
615	548
615	570
615	571
615	573
615	574
615	667
615	693
615	713
615	747
615	997
615	998
615	999
615	1711
615	2012
615	3190
616	126
616	243
616	328
616	660
616	915
617	240
618	86
618	220
618	275
618	349
618	390
618	522
618	697
618	698
618	699
618	919
618	1003
619	620
619	622
619	630
620	41
620	230
620	619
620	622
620	623
621	316
621	410
621	981
622	619
622	620
622	623
622	624
623	620
623	622
623	624
624	41
624	229
624	230
624	622
624	623
625	87
625	2265
625	2813
626	822
627	752
627	1241
627	1459
628	350
628	515
628	629
628	984
629	348
629	375
629	628
630	71
630	226
630	241
630	282
630	403
630	411
630	492
630	495
630	619
630	749
630	978
630	979
630	987
630	994
630	1002
630	1008
631	45
631	867
632	29
632	422
632	469
632	955
633	4
633	120
633	295
633	304
633	503
633	748
633	818
634	491
634	869
634	960
635	389
636	149
636	150
636	324
636	325
636	326
636	327
636	551
637	128
637	3006
638	167
638	607
638	639
638	798
639	291
639	638
639	798
640	157
640	209
640	642
640	718
641	985
642	36
642	39
642	65
642	84
642	121
642	136
642	239
642	271
642	313
642	314
642	348
642	640
642	660
642	662
642	681
642	806
642	807
642	813
642	839
642	865
642	892
642	922
642	993
643	43
643	271
643	610
643	1009
644	441
644	879
644	1630
645	32
645	179
645	548
645	731
645	1280
645	1647
645	1890
645	2058
645	2142
645	2143
646	197
646	897
647	299
647	2174
647	2835
648	387
649	204
649	387
649	956
650	293
650	369
650	690
650	927
650	985
651	397
652	225
652	2863
653	202
653	214
653	240
653	255
653	859
653	931
654	26
654	265
654	276
654	296
654	338
654	372
654	508
654	536
654	560
654	1006
655	166
655	656
656	655
656	662
656	934
657	83
657	390
658	71
658	208
658	211
658	241
658	330
658	495
658	569
658	659
658	721
658	749
658	876
658	978
658	979
658	985
658	1002
658	1008
659	41
659	658
659	874
659	985
660	37
660	64
660	98
660	191
660	203
660	313
660	314
660	328
660	329
660	602
660	616
660	642
660	673
660	725
660	734
660	834
660	835
660	851
660	876
660	907
660	915
660	947
661	876
662	7
662	18
662	21
662	642
662	656
662	830
662	857
663	502
664	33
664	684
664	726
664	727
664	767
664	2074
665	666
666	495
666	665
667	23
667	123
667	251
667	268
667	390
667	439
667	615
667	697
667	698
667	700
667	765
667	801
668	123
668	251
668	390
668	439
668	560
668	698
669	1
669	205
670	116
670	599
671	215
671	2405
671	2420
672	262
672	291
672	364
672	376
672	377
672	390
672	428
672	517
672	537
672	552
672	710
672	761
672	801
672	838
672	904
673	73
673	77
673	660
674	287
674	337
675	388
675	2948
676	677
676	866
676	867
676	1392
676	1744
676	1978
677	45
677	379
677	676
677	866
677	1744
677	1978
678	550
678	679
679	22
679	101
679	390
679	439
679	550
679	678
679	933
679	1004
680	219
680	231
680	248
680	2444
681	7
681	92
681	210
681	239
681	568
681	642
682	26
682	291
683	216
683	381
683	952
683	968
684	25
684	263
684	266
684	322
684	460
684	591
684	664
684	685
684	686
684	696
684	768
684	844
684	902
684	904
685	33
685	684
685	768
685	886
685	904
685	1467
685	1675
685	1871
685	2267
685	2477
685	2645
685	2659
686	33
686	684
686	768
686	886
686	904
686	1871
686	2659
687	180
687	840
688	572
689	1
689	271
689	690
690	1
690	134
690	250
690	499
690	511
690	519
690	650
690	689
690	897
690	934
690	1008
691	287
691	2628
692	400
692	401
692	404
692	405
693	184
693	291
693	390
693	615
693	697
694	752
694	1299
694	1954
695	613
696	33
696	35
696	59
696	86
696	184
696	224
696	275
696	285
696	364
696	390
696	439
696	459
696	469
696	471
696	482
696	522
696	546
696	570
696	571
696	573
696	684
696	697
696	698
696	699
696	747
696	886
696	904
697	86
697	96
697	180
697	303
697	390
697	456
697	481
697	548
697	570
697	571
697	573
697	574
697	618
697	667
697	693
697	696
697	699
697	700
697	804
697	903
698	23
698	35
698	55
698	86
698	99
698	106
698	107
698	153
698	155
698	156
698	251
698	310
698	366
698	516
698	574
698	618
698	667
698	668
698	696
698	699
698	700
698	713
698	745
698	747
698	754
698	841
698	905
698	986
698	998
698	999
699	366
699	390
699	618
699	696
699	697
699	698
700	364
700	390
700	521
700	667
700	697
700	698
700	798
701	390
701	439
701	483
702	891
702	892
703	24
703	143
703	239
703	562
703	750
703	751
703	854
704	432
704	1418
705	364
705	390
705	483
705	607
705	771
705	772
705	945
706	707
706	708
706	798
707	223
707	291
707	390
707	483
707	706
707	708
707	798
708	706
708	707
709	450
709	1146
709	1530
710	390
710	437
710	672
710	959
711	749
711	846
711	934
712	381
712	797
713	29
713	55
713	68
713	106
713	107
713	153
713	184
713	422
713	615
713	698
713	747
713	955
713	986
713	998
713	999
714	135
714	609
714	2711
715	135
715	2367
715	2927
716	180
717	876
718	347
718	640
719	758
720	506
720	721
721	245
721	333
721	658
721	720
721	786
722	100
722	264
722	396
722	763
722	813
722	815
722	846
723	1
723	217
723	590
724	218
724	875
724	991
724	2328
724	2385
725	660
726	390
726	664
726	727
726	767
726	967
727	664
727	726
727	767
728	729
728	736
728	846
728	1008
729	320
729	728
729	736
729	846
729	941
730	139
730	166
730	906
730	978
731	2
731	32
731	79
731	218
731	266
731	284
731	289
731	295
731	429
731	430
731	471
731	505
731	532
731	533
731	645
731	779
731	861
731	875
731	904
732	46
732	733
732	854
733	732
733	750
734	78
734	274
734	660
734	812
735	320
735	736
736	320
736	728
736	729
736	735
736	953
737	738
737	788
737	2641
738	235
738	464
738	587
738	591
738	737
739	30
739	792
740	846
740	1008
741	475
742	85
742	495
742	978
743	390
743	447
744	251
744	356
744	364
744	438
744	516
744	745
744	803
744	804
744	909
744	910
745	291
745	302
745	364
745	390
745	698
745	744
745	746
745	771
745	803
745	804
746	52
746	355
746	356
746	439
746	481
746	504
746	516
746	745
746	803
746	804
746	909
746	910
747	29
747	49
747	55
747	68
747	106
747	107
747	153
747	615
747	696
747	698
747	713
747	955
747	986
747	997
747	998
747	999
747	1758
748	633
749	71
749	630
749	658
749	711
749	978
749	985
750	46
750	703
750	733
750	751
750	995
751	703
751	750
751	993
751	995
752	160
752	195
752	227
752	477
752	558
752	578
752	627
752	694
752	810
752	852
752	873
753	781
753	800
753	801
753	1252
754	439
754	502
754	698
755	334
755	389
756	757
757	193
757	756
758	193
758	719
759	193
759	846
760	846
761	672
761	1000
761	1374
761	1984
762	51
762	94
762	374
762	427
762	799
762	804
762	824
763	298
763	722
763	918
764	363
765	667
766	467
766	473
766	494
766	821
767	263
767	664
767	726
767	727
767	904
767	1871
768	87
768	263
768	537
768	684
768	685
768	686
768	795
768	1229
768	1232
768	1271
768	2150
768	2659
769	565
769	770
769	3000
769	3001
770	295
770	342
770	565
770	769
771	355
771	390
771	516
771	705
771	745
771	803
771	895
771	910
772	356
772	390
772	451
772	607
772	705
773	441
773	879
773	1234
773	1630
773	2111
774	563
774	846
774	856
775	882
776	13
776	364
776	798
777	48
777	293
777	396
777	397
777	447
777	871
778	32
778	89
778	179
778	881
778	886
778	1005
778	1277
778	1661
778	1890
778	2194
778	2988
779	89
779	262
779	267
779	272
779	471
779	731
779	1005
779	1201
779	1237
779	1280
779	1647
779	1661
779	1784
779	1890
779	1915
779	1985
779	2058
779	2142
780	857
780	2565
781	162
781	753
781	2617
781	2618
782	1
782	290
783	1
783	290
783	539
784	846
785	813
786	721
787	90
787	319
787	545
787	578
787	846
787	874
787	934
788	406
788	737
789	488
790	188
790	541
791	30
791	792
791	858
792	30
792	739
792	791
792	817
792	858
793	240
794	92
794	1790
794	1806
794	2368
795	263
795	768
796	87
796	262
796	297
796	471
797	712
798	167
798	332
798	365
798	390
798	391
798	638
798	639
798	700
798	706
798	707
798	776
798	802
799	94
799	447
799	762
800	753
800	801
801	63
801	297
801	390
801	471
801	565
801	667
801	672
801	753
801	800
801	904
801	1003
802	798
803	302
803	364
803	390
803	439
803	744
803	745
803	746
803	771
803	804
803	910
804	490
804	516
804	697
804	744
804	745
804	746
804	762
804	803
805	247
805	2739
806	642
806	808
806	813
807	586
807	642
807	808
807	813
808	136
808	806
808	807
809	119
809	246
809	417
809	448
809	530
809	821
809	899
810	752
811	390
811	407
812	78
812	339
812	734
812	915
813	36
813	121
813	136
813	188
813	519
813	642
813	722
813	785
813	806
813	807
813	815
813	846
813	847
813	865
813	883
814	264
815	121
815	722
815	813
815	846
815	847
815	865
816	171
816	454
816	1001
817	30
817	792
817	1705
818	633
819	10
819	398
820	329
820	2569
820	2973
821	125
821	144
821	145
821	146
821	242
821	281
821	360
821	412
821	417
821	418
821	472
821	473
821	766
821	809
821	878
822	626
823	969
824	321
824	762
825	846
825	911
826	272
826	276
826	338
827	35
827	38
827	80
827	278
827	462
827	608
827	1324
827	1540
827	1664
827	2194
827	2443
827	2988
828	35
828	555
828	572
829	176
829	553
830	662
830	833
830	885
831	18
832	488
833	488
833	600
833	830
833	963
834	660
834	836
835	660
835	836
836	834
836	835
837	109
837	173
837	201
837	383
837	384
838	672
839	263
839	642
840	303
840	571
840	687
841	180
841	698
841	895
842	506
842	846
843	1
843	957
844	33
844	684
844	2176
845	170
845	287
845	603
845	847
845	849
846	19
846	41
846	44
846	47
846	50
846	60
846	82
846	138
846	181
846	186
846	187
846	191
846	202
846	242
846	307
846	394
846	409
846	435
846	436
846	484
846	506
846	509
846	519
846	520
846	526
846	527
846	528
846	541
846	582
846	592
846	593
846	594
846	711
846	722
846	728
846	729
846	740
846	759
846	760
846	774
846	784
846	787
846	813
846	815
846	825
846	842
846	965
846	979
846	982
846	983
846	995
847	110
847	348
847	509
847	515
847	813
847	815
847	845
847	979
847	982
847	983
847	984
848	41
848	606
849	313
849	603
849	845
850	542
850	2324
850	2728
851	564
851	660
851	907
852	752
852	1250
852	1910
852	2044
852	3249
853	160
854	432
854	703
854	732
854	1672
854	2271
854	2424
854	2672
854	3065
854	3082
855	876
856	345
856	774
856	862
857	662
857	780
858	30
858	791
858	792
859	214
859	653
859	860
860	281
860	859
860	2438
861	91
861	474
861	533
861	731
861	1127
861	1210
861	1845
861	1931
861	1962
861	1963
862	165
862	856
862	863
862	864
863	862
864	862
864	1214
864	1238
864	1927
865	121
865	568
865	642
865	813
865	815
866	676
866	677
866	867
866	1744
867	9
867	15
867	45
867	270
867	308
867	341
867	431
867	478
867	514
867	631
867	676
867	866
867	924
868	343
868	931
869	634
870	439
870	517
871	213
871	777
872	575
872	1166
873	752
873	2414
873	3111
874	659
874	787
874	985
875	66
875	724
875	731
875	991
875	1245
875	1487
875	1721
875	2097
875	2385
875	2386
875	2616
875	3256
876	658
876	660
876	661
876	717
876	855
876	936
877	269
878	416
878	529
878	821
879	390
879	441
879	644
879	773
880	1
880	124
881	32
881	295
881	778
882	775
883	813
884	978
885	830
885	1009
886	262
886	272
886	685
886	686
886	696
886	778
886	1279
886	1945
886	1992
886	1993
886	2700
887	26
887	265
887	276
887	338
887	357
887	372
887	461
888	889
889	888
890	428
890	923
890	2700
891	500
891	702
892	642
892	702
893	74
894	371
895	285
895	390
895	450
895	607
895	771
895	841
895	921
896	556
896	3051
897	197
897	646
897	690
898	23
898	390
899	809
900	276
900	338
900	554
900	901
900	1003
901	276
901	338
901	554
901	900
902	684
903	697
904	89
904	266
904	672
904	684
904	685
904	686
904	696
904	731
904	767
904	801
904	1229
904	1232
904	1963
904	2074
904	2154
904	2267
904	2645
904	2646
904	2659
904	2700
904	3000
904	3001
904	3146
905	390
905	698
906	146
906	493
906	730
907	660
907	851
908	446
909	364
909	390
909	744
909	746
910	302
910	364
910	744
910	746
910	771
910	803
911	825
912	97
913	392
913	2628
914	1
914	432
914	433
915	6
915	37
915	64
915	78
915	274
915	329
915	400
915	594
915	616
915	660
915	812
916	113
916	149
916	150
916	280
916	288
916	325
916	326
916	327
916	977
916	984
917	364
917	439
917	483
917	925
918	763
918	1009
919	618
919	1003
919	1004
920	447
921	895
922	642
923	222
923	890
924	431
924	867
925	244
925	253
925	259
925	291
925	483
925	917
925	926
926	147
926	291
926	456
926	925
927	650
928	390
929	938
930	100
931	202
931	240
931	386
931	653
931	868
932	202
932	247
932	969
933	679
934	495
934	656
934	690
934	711
934	787
934	978
934	985
934	994
935	389
935	936
935	2980
936	876
936	935
937	394
937	506
937	938
937	939
937	940
938	72
938	506
938	929
938	937
938	939
939	393
939	394
939	937
939	938
940	937
941	729
942	943
942	985
943	62
943	258
943	942
944	12
944	204
945	705
945	1236
945	2025
945	2835
946	25
946	378
946	973
947	328
947	329
947	660
948	6
948	64
948	98
949	487
949	488
949	610
950	277
950	399
950	477
951	25
951	100
951	164
951	423
951	518
951	551
951	587
952	415
952	683
953	1
953	379
953	736
954	488
954	611
954	612
955	55
955	275
955	522
955	632
955	713
955	747
955	998
955	999
955	1889
956	649
957	843
958	985
959	710
959	2400
960	1
960	634
960	1486
961	3
961	3108
962	212
962	2122
962	2123
963	488
963	611
963	833
964	576
964	611
965	186
965	846
966	447
967	726
967	968
968	683
968	967
968	1704
969	10
969	158
969	823
969	932
970	56
970	362
970	524
970	971
971	56
971	970
971	3233
972	196
972	389
973	946
973	2327
974	410
974	563
975	355
975	516
975	2206
976	355
976	516
977	590
977	916
977	1546
978	237
978	242
978	493
978	495
978	630
978	658
978	730
978	742
978	749
978	884
978	934
978	979
979	160
979	630
979	658
979	846
979	847
979	978
979	985
979	989
980	981
981	348
981	621
981	980
982	846
982	847
983	846
983	847
984	350
984	515
984	628
984	847
984	916
985	62
985	85
985	226
985	495
985	547
985	641
985	650
985	658
985	659
985	749
985	874
985	934
985	942
985	958
985	979
985	994
986	29
986	176
986	180
986	275
986	422
986	522
986	698
986	713
986	747
986	998
987	630
988	989
989	979
989	988
989	993
990	75
991	66
991	724
991	875
992	604
992	1718
992	3045
993	642
993	751
993	989
993	995
994	630
994	934
994	985
995	750
995	751
995	846
995	993
996	97
997	55
997	68
997	106
997	107
997	176
997	615
997	747
997	998
997	999
998	29
998	55
998	68
998	106
998	107
998	184
998	522
998	615
998	698
998	713
998	747
998	955
998	986
998	997
998	999
999	68
999	184
999	275
999	390
999	522
999	553
999	615
999	698
999	713
999	747
999	955
999	997
999	998
1000	8
1000	377
1000	761
1001	141
1001	144
1001	418
1001	816
1002	247
1002	416
1002	494
1002	630
1002	658
1003	8
1003	122
1003	355
1003	365
1003	481
1003	501
1003	502
1003	516
1003	618
1003	801
1003	900
1003	919
1003	1334
1003	1594
1003	2305
1004	52
1004	481
1004	679
1004	919
1004	1195
1004	1334
1004	1583
1004	2830
1005	87
1005	460
1005	778
1005	779
1006	296
1006	372
1006	501
1006	502
1006	654
1007	455
1008	245
1008	320
1008	630
1008	658
1008	690
1008	728
1008	740
1009	40
1009	298
1009	488
1009	643
1009	885
1009	918
1010	1033
1010	2022
1010	2023
1011	2025
1011	2174
1012	1295
1012	1415
1012	1425
1012	1542
1012	1961
1012	2018
1013	1057
1013	1363
1013	1376
1013	1378
1013	1677
1013	1741
1014	1234
1014	1437
1014	1438
1014	2086
1015	2131
1016	590
1016	1262
1016	1546
1017	1521
1018	80
1018	608
1018	1310
1018	1352
1018	1740
1018	1932
1018	2058
1019	1494
1020	1174
1021	1902
1022	1870
1023	1524
1024	1412
1025	1951
1026	1900
1027	1047
1028	1098
1028	1107
1028	1246
1029	1242
1029	1935
1030	1485
1030	1486
1030	1642
1030	1867
1031	2110
1032	1756
1032	2008
1032	2009
1033	1010
1033	1662
1033	1663
1033	2001
1034	1489
1035	1483
1036	1041
1036	1307
1036	1612
1036	1676
1037	1105
1037	1172
1037	1402
1037	1533
1037	1633
1037	1679
1037	1766
1038	1210
1039	1074
1039	1076
1039	1307
1039	1676
1040	2030
1041	1036
1041	1612
1041	1676
1042	1136
1042	1823
1042	1888
1042	2132
1042	2158
1043	1272
1044	1451
1044	1701
1044	1702
1044	1938
1044	1948
1044	1949
1044	1974
1044	1996
1045	1284
1045	1300
1045	1518
1045	1529
1045	1886
1045	1897
1045	2018
1046	1125
1046	1440
1046	1610
1046	1633
1046	1676
1046	1773
1047	1027
1047	2057
1048	1166
1048	1252
1048	1936
1049	1251
1049	2114
1050	1783
1051	2128
1052	1489
1053	1955
1053	1956
1053	1957
1054	1159
1055	1252
1056	1234
1056	2018
1057	1013
1057	1363
1057	1376
1057	1378
1057	1730
1057	1741
1058	1121
1059	1372
1059	1458
1059	1937
1060	1372
1061	1227
1061	1704
1062	1806
1063	1091
1063	2021
1064	1169
1064	1955
1064	1956
1064	1957
1065	1234
1065	1249
1066	235
1066	591
1066	1207
1066	1512
1066	1715
1066	2108
1067	2130
1068	1234
1068	1497
1069	1728
1069	1741
1069	1979
1070	2149
1071	1073
1071	1385
1072	1377
1073	179
1073	471
1073	1071
1073	1167
1073	1218
1074	1039
1074	1076
1074	1596
1075	1524
1076	1039
1076	1074
1076	1188
1076	1369
1076	1596
1076	1597
1077	1225
1077	1243
1077	1648
1077	1739
1077	1818
1077	1925
1078	1187
1078	1193
1078	1404
1078	1580
1078	1654
1078	1728
1079	1139
1079	1944
1080	1713
1081	1194
1081	1371
1081	1388
1081	1437
1081	1438
1081	1907
1081	1933
1081	2086
1082	2151
1083	1725
1084	1477
1084	1478
1085	1574
1086	1234
1086	1497
1087	1295
1087	1345
1087	1497
1088	1105
1088	1172
1088	1390
1088	1402
1088	1605
1089	1966
1090	2003
1091	1063
1091	2020
1091	2021
1092	1315
1092	1673
1093	1859
1094	1488
1094	1873
1095	1881
1096	133
1096	1658
1097	1764
1097	1765
1098	1028
1098	1576
1098	1631
1098	1692
1098	1720
1098	2098
1099	1116
1099	1439
1099	1606
1099	1835
1099	1859
1099	2125
1099	2126
1099	2163
1099	2164
1100	1670
1100	1952
1101	2096
1102	1457
1103	1603
1104	1130
1104	1337
1105	1037
1105	1088
1105	1198
1105	1402
1105	1423
1105	1766
1105	1773
1106	1315
1106	1673
1107	1028
1107	1399
1108	1561
1109	1914
1110	1946
1111	1393
1112	1185
1112	2052
1112	2053
1112	2097
1113	1381
1114	1888
1114	2132
1115	1152
1116	1099
1117	2030
1118	1208
1118	1254
1118	1601
1118	1603
1118	1813
1119	1671
1119	2106
1120	1687
1120	2714
1121	1058
1121	1859
1122	1458
1123	1248
1123	1284
1123	1300
1123	1886
1124	1852
1125	58
1125	1046
1126	1585
1126	1586
1126	1587
1127	861
1127	1628
1127	1931
1127	1963
1128	1817
1129	1643
1129	1880
1130	1104
1130	1855
1131	2040
1131	2162
1132	1420
1133	1152
1133	1744
1134	1492
1135	1958
1136	1042
1136	1631
1136	1797
1136	2161
1137	1143
1137	1713
1137	1837
1138	1458
1139	1079
1139	1246
1139	1861
1140	1727
1141	1974
1141	2096
1142	1414
1142	1479
1142	2098
1143	1137
1143	1713
1144	1387
1145	1869
1145	1946
1146	709
1146	1388
1146	1401
1146	1548
1146	1684
1147	1586
1148	421
1148	1234
1148	1260
1148	1292
1148	1503
1148	1504
1148	1505
1148	1656
1148	1907
1148	2111
1149	1299
1149	1954
1149	2043
1150	1371
1150	2915
1151	1327
1151	1340
1151	1626
1152	1115
1152	1133
1153	1211
1154	1969
1155	1490
1156	1212
1156	1459
1156	1568
1157	1255
1157	1285
1158	1367
1158	2076
1159	1054
1160	1379
1160	1514
1161	1497
1162	1791
1163	1784
1163	2060
1164	1903
1165	1520
1166	172
1166	872
1166	1048
1166	1508
1166	1521
1166	1541
1166	2089
1166	2099
1167	471
1167	1073
1167	1218
1167	1385
1168	2159
1168	2162
1169	1064
1170	429
1170	1707
1171	1807
1171	2320
1171	2914
1171	2921
1172	1037
1172	1088
1172	1198
1172	1402
1172	1423
1172	1766
1172	1773
1173	278
1173	1358
1173	1383
1173	2166
1173	2167
1174	1020
1174	1891
1174	1892
1175	349
1175	1372
1176	1865
1176	1866
1176	1938
1177	1405
1177	1990
1177	1991
1178	1194
1179	1634
1179	1635
1180	1538
1181	1200
1181	1831
1181	1832
1181	1836
1182	1462
1183	1527
1183	1939
1184	1645
1184	1802
1185	1112
1186	1616
1186	1912
1187	1078
1187	1580
1187	1654
1188	1076
1188	1610
1189	1228
1189	1724
1190	1727
1191	1545
1191	1852
1191	2105
1192	1677
1192	1728
1192	2128
1193	1078
1194	1081
1194	1178
1195	1004
1195	1584
1196	1675
1196	2267
1196	2477
1197	471
1197	1218
1198	1105
1198	1172
1199	2054
1200	1181
1200	1836
1201	31
1201	779
1201	1430
1201	1958
1201	2141
1201	2144
1202	1206
1203	1843
1204	1208
1204	1254
1204	1601
1204	1603
1204	1813
1205	1350
1205	1536
1206	1202
1207	1066
1207	1745
1208	1118
1208	1204
1208	1813
1209	2130
1210	861
1210	1038
1210	1845
1210	1931
1211	1153
1212	1156
1212	1705
1212	1988
1212	1998
1212	2000
1213	1539
1214	864
1214	1411
1214	1419
1214	1516
1214	1672
1214	1843
1215	1769
1216	1458
1217	1234
1218	1073
1218	1167
1218	1197
1218	1385
1219	1895
1220	1537
1220	1799
1220	1803
1220	2038
1221	1708
1221	1709
1221	1710
1221	1958
1221	2092
1222	1623
1222	1703
1222	2003
1223	1409
1224	235
1224	591
1224	1320
1224	1565
1224	1816
1225	1077
1225	2763
1226	1454
1227	1061
1227	1704
1228	1189
1228	1511
1228	1806
1228	2090
1229	768
1229	904
1229	1414
1229	2150
1230	297
1230	471
1230	1454
1230	1455
1231	1517
1232	768
1232	904
1232	1414
1233	1454
1233	1547
1233	1585
1233	1746
1233	2019
1234	441
1234	773
1234	1014
1234	1056
1234	1065
1234	1068
1234	1086
1234	1148
1234	1217
1234	1240
1234	1394
1234	1497
1234	1684
1234	1855
1234	1886
1234	2018
1235	1650
1236	945
1236	2025
1237	31
1237	779
1237	1784
1238	864
1238	1411
1238	1672
1239	1511
1239	1983
1239	2766
1240	1234
1240	1855
1240	2111
1241	627
1241	1459
1241	1502
1241	1645
1241	1703
1242	1029
1242	1935
1242	2121
1243	1077
1243	2069
1244	1861
1245	218
1245	875
1245	1328
1246	1028
1246	1139
1246	1535
1246	1906
1247	184
1247	275
1247	522
1247	1414
1248	1123
1249	1065
1250	852
1250	2043
1251	58
1251	1049
1251	1633
1251	1885
1252	753
1252	1048
1252	1055
1252	1521
1252	1718
1252	1783
1252	2037
1253	1525
1253	2132
1254	1118
1254	1204
1254	1813
1255	1157
1255	1847
1255	1875
1256	1703
1256	2000
1257	1815
1258	1690
1259	1747
1260	421
1260	1148
1260	1506
1260	1643
1261	1609
1262	1016
1262	1282
1263	1873
1264	1537
1264	1856
1265	38
1265	278
1265	1721
1266	1379
1266	1514
1266	2113
1267	1742
1268	1815
1269	1860
1270	1381
1270	1646
1271	768
1271	1337
1271	1452
1271	1665
1271	1711
1271	2047
1272	1043
1272	1887
1273	1619
1273	1918
1274	1912
1274	2091
1275	2037
1276	2014
1277	778
1277	1970
1278	1571
1279	89
1279	886
1279	1675
1279	1845
1279	1992
1279	1993
1280	31
1280	32
1280	179
1280	645
1280	779
1280	1737
1280	1763
1281	2036
1282	1262
1282	1414
1282	1639
1283	1421
1283	1500
1283	1701
1283	1974
1283	2044
1284	1045
1284	1123
1284	1529
1284	1897
1284	2634
1285	1157
1285	1449
1285	1570
1286	1776
1286	1783
1287	1633
1287	2028
1288	1347
1289	1342
1290	1849
1290	1947
1291	1924
1292	1148
1292	1503
1293	1847
1293	2012
1294	1887
1295	1012
1295	1087
1295	1722
1296	1463
1296	1767
1296	1912
1297	2114
1298	1896
1298	2073
1299	694
1299	1149
1300	1045
1300	1123
1300	1529
1300	1897
1300	2634
1301	1516
1302	1471
1303	2074
1304	1416
1305	2030
1305	2031
1306	1912
1306	2043
1307	1036
1307	1039
1308	1481
1308	1607
1308	2109
1309	1984
1310	1018
1310	1491
1310	2571
1311	1393
1312	1404
1312	1580
1312	1581
1312	1654
1312	1728
1312	1732
1312	1733
1312	1734
1313	1622
1313	1805
1314	1404
1315	1092
1315	1106
1316	1634
1317	1519
1318	1643
1319	1559
1319	1643
1320	1224
1321	1519
1322	1680
1323	1680
1323	1834
1324	827
1324	1540
1324	1659
1324	1664
1324	1792
1325	1971
1326	2076
1327	1151
1327	1436
1327	1513
1328	1245
1329	1514
1330	1336
1330	1999
1330	2044
1330	2105
1331	2073
1332	1696
1332	1800
1333	1514
1334	1003
1334	1004
1334	1583
1334	1826
1334	1858
1335	370
1335	1865
1336	1330
1337	1104
1337	1271
1337	1557
1338	1847
1339	2002
1339	2050
1340	1151
1340	1436
1340	1513
1341	404
1341	1410
1341	1876
1342	1289
1342	1380
1342	1884
1342	1920
1343	2061
1344	1482
1345	1087
1345	1497
1346	1351
1346	1959
1347	1288
1347	2025
1347	2117
1348	1979
1349	1888
1350	1205
1350	1447
1350	1536
1351	1346
1351	1959
1352	1018
1352	2826
1353	1366
1353	1412
1354	1635
1354	2055
1354	2076
1355	32
1355	471
1355	1970
1355	2746
1356	1384
1357	1404
1357	1580
1357	1654
1357	1728
1357	1732
1357	1733
1357	1734
1358	1173
1358	1900
1359	1444
1360	1658
1361	1756
1361	1940
1362	1404
1362	1728
1363	1013
1363	1057
1364	1724
1364	2037
1365	1404
1366	1353
1366	1412
1366	1413
1366	1474
1367	1158
1367	2076
1368	1404
1369	1076
1369	2133
1370	1899
1370	2081
1371	1081
1371	1150
1372	522
1372	1059
1372	1060
1372	1175
1372	1408
1372	1458
1372	1723
1372	1973
1372	2029
1372	2142
1373	1634
1373	1635
1374	761
1374	1798
1375	1444
1376	1013
1376	1057
1376	1378
1376	1677
1376	1741
1377	1072
1377	1460
1377	1501
1377	1602
1378	1013
1378	1057
1378	1376
1378	1404
1378	1588
1379	1160
1379	1266
1379	2072
1380	1342
1380	1884
1381	471
1381	1113
1381	1270
1381	1646
1381	1647
1381	1950
1382	1384
1383	1173
1383	2167
1384	341
1384	1356
1384	1382
1384	1563
1384	1754
1384	1755
1385	1071
1385	1167
1385	1218
1386	1435
1386	1976
1386	1977
1387	1144
1388	1081
1388	1146
1388	1669
1388	1685
1389	1579
1390	1088
1390	1605
1391	1891
1392	676
1392	1534
1392	2129
1393	1111
1393	1311
1394	1234
1395	2086
1395	2968
1396	1964
1396	1965
1396	2013
1397	1964
1398	1964
1398	1965
1398	2013
1399	1107
1400	2016
1401	1146
1402	1037
1402	1088
1402	1105
1402	1172
1402	1773
1402	1918
1403	1443
1404	1078
1404	1312
1404	1314
1404	1357
1404	1362
1404	1365
1404	1368
1404	1378
1404	1581
1404	1655
1404	1712
1404	1728
1404	1729
1404	1730
1404	1733
1404	1734
1404	1817
1404	1917
1404	1935
1404	2063
1404	2128
1405	1177
1405	1678
1406	429
1406	1712
1407	429
1407	1509
1407	1678
1407	1707
1407	1742
1407	1951
1408	1372
1409	1223
1409	1612
1409	1676
1410	1341
1411	1214
1411	1238
1412	1024
1412	1353
1412	1366
1412	1413
1412	1474
1413	1366
1413	1412
1414	1142
1414	1229
1414	1232
1414	1247
1414	1282
1414	1429
1414	2150
1415	1012
1415	1497
1415	1722
1416	1304
1417	1915
1418	432
1418	704
1418	1767
1418	2250
1418	2672
1418	3065
1419	1214
1419	1762
1419	1927
1420	1132
1420	1539
1420	1652
1420	1910
1420	2000
1421	1283
1421	1539
1421	1840
1421	1974
1421	2044
1422	1625
1423	1105
1423	1172
1424	2112
1425	1012
1425	1542
1425	1722
1426	1427
1427	1426
1428	1857
1429	1414
1429	2186
1430	1201
1430	2144
1431	2144
1432	1434
1433	1434
1433	2002
1434	1432
1434	1433
1435	1386
1435	1976
1436	1327
1436	1340
1437	1014
1437	1081
1437	1438
1437	1442
1437	1476
1437	1886
1438	1014
1438	1081
1438	1437
1438	1442
1438	1476
1439	1099
1440	1046
1441	1531
1441	1532
1442	1437
1442	1438
1443	1403
1443	2018
1444	1359
1444	1375
1444	1445
1444	1446
1445	1444
1446	1444
1446	1599
1447	1350
1447	1972
1448	2112
1449	1285
1450	1615
1450	1996
1451	1044
1451	1468
1452	1271
1453	2065
1454	1226
1454	1230
1454	1233
1454	1585
1455	1230
1455	1547
1456	1845
1457	1102
1458	522
1458	1059
1458	1122
1458	1138
1458	1216
1458	1372
1458	1462
1458	1758
1458	1777
1458	1973
1459	627
1459	1156
1459	1241
1459	1645
1459	1998
1459	1999
1460	1377
1461	1587
1461	2046
1462	522
1462	1182
1462	1458
1462	1758
1463	1296
1463	1873
1464	2039
1465	1466
1466	1465
1467	685
1467	1675
1467	2267
1467	2477
1468	1451
1468	1701
1468	1702
1468	1938
1468	1948
1468	1949
1468	1974
1468	1996
1469	1779
1470	1471
1470	1582
1471	1302
1471	1470
1471	1566
1471	1567
1472	1915
1472	2059
1473	1676
1473	2030
1474	1366
1474	1412
1474	1787
1475	1904
1476	441
1476	1437
1476	1438
1476	1525
1476	1687
1477	1084
1477	1478
1477	1658
1477	2006
1478	1084
1478	1477
1479	1142
1479	2132
1480	1671
1481	1308
1481	2109
1482	1344
1483	1035
1484	1756
1485	1030
1485	1790
1485	1924
1485	1997
1486	960
1486	1030
1486	1642
1486	1867
1487	32
1487	218
1487	875
1487	1858
1488	1094
1488	1706
1488	2046
1489	1034
1489	1052
1490	57
1490	1155
1491	1310
1491	1735
1492	109
1492	201
1492	1134
1492	1574
1492	2118
1493	1730
1494	1019
1494	1743
1495	130
1495	2132
1496	1497
1497	1068
1497	1086
1497	1087
1497	1161
1497	1234
1497	1345
1497	1415
1497	1496
1497	2018
1498	1499
1499	1498
1499	1872
1500	1283
1501	1377
1501	1926
1502	1241
1503	1148
1503	1292
1504	1148
1505	1148
1505	1684
1506	149
1506	150
1506	324
1506	325
1506	326
1506	327
1506	614
1506	1260
1506	1636
1507	1697
1508	1166
1508	1704
1508	2127
1509	305
1509	429
1509	1407
1509	1707
1509	1819
1510	284
1510	1707
1511	1228
1511	1239
1511	1724
1511	1973
1511	1983
1512	1066
1512	1745
1513	1327
1513	1340
1513	2453
1514	1160
1514	1266
1514	1329
1514	1333
1514	2072
1515	1516
1515	2271
1516	1214
1516	1301
1516	1515
1517	1231
1518	1045
1518	3209
1519	1317
1519	1321
1520	1165
1520	1775
1520	1821
1521	1017
1521	1166
1521	1252
1521	1578
1521	1928
1521	2035
1522	1658
1523	1758
1524	1023
1524	1075
1525	1253
1525	1476
1525	1687
1525	1720
1525	1809
1525	2710
1525	2737
1525	2935
1526	2162
1526	2631
1526	2981
1526	3258
1527	1183
1527	1575
1527	2002
1528	441
1528	1797
1528	2635
1529	1045
1529	1284
1529	1300
1529	2635
1530	709
1530	1684
1531	1441
1532	1441
1533	58
1533	1037
1533	2112
1534	1392
1535	1246
1536	1205
1536	1350
1537	1220
1537	1264
1537	1538
1537	1795
1538	1180
1538	1537
1539	1213
1539	1420
1539	1421
1539	1974
1539	2044
1540	827
1540	1324
1540	2282
1540	2443
1541	1166
1542	81
1542	1012
1542	1425
1542	1722
1543	1544
1543	1760
1544	1543
1545	1191
1545	1960
1546	977
1546	1016
1546	1621
1547	1233
1547	1455
1548	1146
1549	1859
1550	1551
1551	1550
1551	1826
1552	1553
1553	1552
1553	1644
1554	1555
1555	1554
1556	1683
1557	341
1557	1337
1557	1665
1557	1813
1558	1756
1559	1319
1560	1561
1561	1108
1561	1560
1561	1562
1562	1561
1563	1384
1564	1929
1565	235
1565	591
1565	1224
1566	1471
1566	1598
1567	1471
1568	1156
1568	1998
1568	2000
1569	1910
1570	1285
1571	1278
1572	1872
1573	1778
1573	1929
1574	1085
1574	1492
1575	1527
1576	1098
1576	2098
1577	2037
1577	2843
1578	1521
1579	1389
1579	1848
1579	2071
1580	1078
1580	1187
1580	1312
1580	1357
1580	1654
1580	1728
1580	1733
1581	1312
1581	1404
1581	1654
1581	1728
1581	1979
1582	1470
1582	1626
1583	1004
1583	1334
1583	1584
1584	35
1584	1195
1584	1583
1585	1126
1585	1233
1585	1454
1586	1126
1586	1147
1586	1587
1587	1126
1587	1461
1587	1586
1587	2046
1588	1378
1589	1590
1589	1591
1590	1589
1590	1591
1590	1689
1591	1589
1591	1590
1592	1593
1593	1592
1594	1003
1594	1595
1595	1594
1596	1074
1596	1076
1596	1597
1596	1610
1596	1682
1596	1944
1596	2067
1597	1076
1597	1596
1598	1566
1599	1446
1599	1824
1600	1873
1601	1118
1601	1204
1601	1603
1602	1377
1603	1103
1603	1118
1603	1204
1603	1601
1604	1891
1605	58
1605	1088
1605	1390
1606	1099
1606	1837
1606	1966
1607	1308
1608	2148
1609	1261
1609	1703
1610	1046
1610	1188
1610	1596
1611	1612
1611	1770
1612	1036
1612	1041
1612	1409
1612	1611
1613	1870
1614	1702
1614	1815
1615	1450
1616	1186
1617	2131
1618	2130
1619	1273
1620	1812
1621	1546
1621	1898
1622	1313
1623	1222
1623	1769
1623	2003
1624	1726
1625	206
1625	1422
1625	1749
1625	1750
1625	1943
1626	1151
1626	1582
1627	15
1627	1744
1628	91
1628	1127
1629	1797
1629	2161
1630	378
1630	644
1630	773
1630	1797
1630	1846
1631	27
1631	1098
1631	1136
1631	1823
1631	1888
1631	2132
1631	2158
1631	2234
1631	2247
1632	1750
1633	58
1633	1037
1633	1046
1633	1251
1633	1287
1633	1679
1634	1179
1634	1316
1634	1373
1634	1635
1634	1971
1634	2020
1634	2076
1635	1179
1635	1354
1635	1373
1635	1634
1635	2007
1636	1506
1636	1670
1637	1805
1638	1751
1639	553
1639	1282
1640	1966
1641	1716
1642	1030
1642	1486
1643	421
1643	1129
1643	1260
1643	1318
1643	1319
1643	1878
1643	1880
1644	1553
1645	1184
1645	1241
1645	1459
1645	2044
1646	1270
1646	1381
1646	1647
1647	31
1647	179
1647	566
1647	645
1647	779
1647	1381
1647	1646
1648	1077
1648	1818
1648	3216
1649	1863
1650	1235
1651	1783
1652	1420
1653	1828
1654	1078
1654	1187
1654	1312
1654	1357
1654	1580
1654	1581
1654	1728
1654	1729
1654	1732
1654	1733
1654	1734
1655	1404
1655	1728
1656	1148
1657	1658
1658	1096
1658	1360
1658	1477
1658	1522
1658	1657
1659	1324
1660	1868
1660	1914
1661	778
1661	779
1661	1915
1661	1985
1662	1033
1663	1033
1664	827
1664	1324
1664	2317
1664	2443
1664	2988
1664	3109
1665	1271
1665	1557
1665	1855
1666	1815
1667	1668
1668	1667
1669	1388
1670	1100
1670	1636
1670	1952
1670	1953
1671	1119
1671	1480
1672	854
1672	1214
1672	1238
1672	1927
1673	1092
1673	1106
1674	1721
1675	22
1675	685
1675	1196
1675	1279
1675	1467
1675	1993
1675	2066
1676	1036
1676	1039
1676	1041
1676	1046
1676	1409
1676	1473
1677	1013
1677	1192
1677	1376
1677	1728
1677	2128
1678	1405
1678	1407
1679	58
1679	1037
1679	1633
1680	1322
1680	1323
1680	1681
1681	1680
1681	1873
1682	1596
1683	1556
1684	421
1684	1146
1684	1234
1684	1505
1684	1530
1685	1388
1686	1825
1686	1903
1686	2169
1687	1120
1687	1476
1687	1525
1687	1692
1687	1809
1687	1886
1688	1810
1688	1986
1688	1987
1689	1590
1690	1258
1690	1839
1691	1805
1692	1098
1692	1687
1692	1823
1693	1694
1694	1693
1695	1923
1695	3081
1696	1332
1696	1800
1697	1507
1698	149
1698	150
1698	324
1698	325
1698	326
1698	327
1698	2051
1699	1700
1700	1699
1700	2043
1701	1044
1701	1283
1701	1468
1701	1702
1701	2073
1702	1044
1702	1468
1702	1614
1702	1701
1702	1910
1702	2073
1703	609
1703	1222
1703	1241
1703	1256
1703	1609
1704	968
1704	1061
1704	1227
1704	1508
1704	2202
1704	2264
1705	817
1705	1212
1705	2725
1706	1488
1706	2065
1707	305
1707	429
1707	1170
1707	1407
1707	1509
1707	1510
1708	1221
1709	1221
1710	1221
1711	291
1711	615
1711	1271
1711	2659
1712	1404
1712	1406
1713	1080
1713	1137
1713	1143
1713	1714
1714	1713
1714	1726
1714	1882
1715	1066
1716	1641
1717	1744
1718	429
1718	992
1718	1252
1718	1913
1719	2061
1720	441
1720	1098
1720	1525
1720	2098
1721	38
1721	80
1721	218
1721	278
1721	875
1721	1265
1721	1674
1722	1295
1722	1415
1722	1425
1722	1542
1722	1961
1722	2018
1723	1372
1724	1189
1724	1364
1724	1511
1724	1793
1724	1806
1724	1811
1724	2090
1725	1083
1725	1726
1726	1624
1726	1714
1726	1725
1727	1140
1727	1190
1728	1069
1728	1078
1728	1192
1728	1312
1728	1357
1728	1362
1728	1404
1728	1580
1728	1581
1728	1654
1728	1655
1728	1677
1728	1729
1728	1732
1728	1733
1728	1734
1728	1979
1729	1404
1729	1654
1729	1728
1729	1979
1730	1057
1730	1404
1730	1493
1730	1741
1731	1979
1732	1312
1732	1357
1732	1654
1732	1728
1732	1733
1732	1734
1733	1312
1733	1357
1733	1404
1733	1580
1733	1654
1733	1728
1733	1732
1733	1734
1734	1312
1734	1357
1734	1404
1734	1654
1734	1728
1734	1732
1734	1733
1735	1491
1735	1837
1735	1838
1736	1912
1737	32
1737	1280
1737	1738
1737	1763
1738	13
1738	1737
1739	1077
1740	1018
1740	1869
1740	2379
1741	1013
1741	1057
1741	1069
1741	1376
1741	1730
1742	1267
1742	1407
1743	1494
1744	676
1744	677
1744	866
1744	1133
1744	1627
1744	1717
1744	1978
1744	1980
1744	2129
1745	1207
1745	1512
1746	1233
1747	1259
1748	2099
1749	1625
1749	1943
1750	1625
1750	1632
1750	1943
1751	1638
1752	1830
1752	1831
1752	1832
1753	1780
1753	1781
1754	1384
1755	1384
1756	1032
1756	1361
1756	1484
1756	1558
1756	1940
1756	1941
1756	2008
1757	1849
1757	1947
1758	184
1758	747
1758	1458
1758	1462
1758	1523
1759	1906
1760	1543
1761	1806
1762	1419
1763	1280
1763	1737
1764	1097
1764	1765
1765	1097
1765	1764
1766	58
1766	1037
1766	1105
1766	1172
1767	1296
1767	1418
1767	1768
1767	2116
1768	1767
1768	2116
1769	1215
1769	1623
1769	2003
1769	2085
1770	1611
1771	1777
1772	1773
1773	1046
1773	1105
1773	1172
1773	1402
1773	1772
1773	2028
1774	1789
1774	2042
1775	1520
1776	1286
1776	1783
1777	1458
1777	1771
1778	1573
1778	1929
1779	1469
1780	1753
1780	1782
1780	1921
1780	1922
1780	2016
1781	1753
1781	1921
1781	1922
1782	1780
1783	1050
1783	1252
1783	1286
1783	1651
1783	1776
1783	1785
1784	31
1784	779
1784	1163
1784	1237
1784	2060
1785	1783
1785	2351
1786	1842
1786	1909
1786	1921
1786	1922
1786	2016
1787	1474
1788	1790
1789	1774
1789	1790
1790	794
1790	1485
1790	1788
1790	1789
1791	1162
1792	1324
1793	1724
1794	2101
1795	1537
1795	1803
1795	2038
1796	2146
1797	441
1797	1136
1797	1528
1797	1629
1797	1630
1797	1846
1797	2018
1797	2161
1798	1374
1799	1220
1800	343
1800	1332
1800	1696
1801	1802
1801	2138
1802	1184
1802	1801
1803	1220
1803	1795
1803	2817
1804	1968
1805	1313
1805	1637
1805	1691
1806	794
1806	1062
1806	1228
1806	1724
1806	1761
1806	1895
1806	1912
1807	1171
1807	1808
1807	2145
1808	1807
1808	2253
1808	2921
1808	2923
1809	1525
1809	1687
1810	1688
1810	1986
1811	1724
1812	1620
1813	1118
1813	1204
1813	1208
1813	1254
1813	1557
1814	1988
1814	2042
1815	1257
1815	1268
1815	1614
1815	1666
1816	1224
1817	1128
1817	1404
1818	1077
1818	1648
1818	3216
1819	57
1819	1509
1820	1942
1821	1520
1822	2065
1823	1042
1823	1631
1823	1692
1823	2132
1824	1599
1824	2997
1825	1686
1826	1334
1826	1551
1827	1828
1828	1653
1828	1827
1828	2147
1829	1832
1829	1833
1830	1752
1830	1831
1831	1181
1831	1752
1831	1830
1831	1833
1832	1181
1832	1752
1832	1829
1832	1833
1833	1829
1833	1831
1833	1832
1834	1323
1835	1099
1836	1181
1836	1200
1837	1137
1837	1606
1837	1735
1838	1735
1839	1690
1840	1421
1840	1994
1840	2043
1841	2042
1841	2043
1842	1786
1843	1203
1843	1214
1843	1844
1844	1843
1844	3082
1845	861
1845	1210
1845	1279
1845	1456
1845	1931
1845	1945
1845	1992
1845	1993
1846	1630
1846	1797
1846	2161
1846	2956
1846	2969
1847	1255
1847	1293
1847	1338
1848	1579
1848	1912
1849	1290
1849	1757
1850	1914
1851	1863
1852	576
1852	1124
1852	1191
1852	1853
1852	1854
1852	1960
1853	339
1853	1852
1853	2973
1853	3228
1854	404
1854	1852
1854	3228
1855	1130
1855	1234
1855	1240
1855	1665
1856	1264
1857	1428
1858	1334
1858	1487
1859	1093
1859	1099
1859	1121
1859	1549
1860	1269
1861	1139
1861	1244
1861	1862
1861	2160
1862	1861
1862	2669
1863	1649
1863	1851
1864	1868
1865	1176
1865	1335
1865	1938
1865	1939
1866	1176
1867	1030
1867	1486
1868	1660
1868	1864
1868	1913
1869	1145
1869	1740
1870	1022
1870	1613
1870	1982
1871	685
1871	686
1871	767
1871	2074
1872	1499
1872	1572
1873	1094
1873	1263
1873	1463
1873	1600
1873	1681
1873	2065
1874	2006
1875	1255
1876	1341
1877	2094
1878	1643
1878	1880
1879	1880
1880	1129
1880	1643
1880	1878
1880	1879
1881	1095
1881	1938
1882	1714
1882	1883
1883	1882
1884	1342
1884	1380
1884	2884
1885	1251
1886	1045
1886	1123
1886	1234
1886	1437
1886	1687
1887	1272
1887	1294
1888	1042
1888	1114
1888	1349
1888	1631
1888	1889
1889	955
1889	1888
1890	645
1890	778
1890	779
1890	1985
1891	1174
1891	1391
1891	1604
1891	2045
1892	1174
1892	2934
1893	1894
1894	422
1894	1893
1895	1219
1895	1806
1896	1298
1896	1916
1897	1045
1897	1284
1897	1300
1898	1621
1898	1959
1898	2026
1898	2027
1899	1370
1900	1026
1900	1358
1901	2042
1901	2796
1901	3081
1902	1021
1903	1164
1903	1686
1903	2169
1904	1475
1905	1906
1906	1246
1906	1759
1906	1905
1906	1918
1907	1081
1907	1148
1908	2136
1909	1786
1910	852
1910	1420
1910	1569
1910	1702
1911	1912
1912	1186
1912	1274
1912	1296
1912	1306
1912	1736
1912	1806
1912	1848
1912	1911
1912	1934
1912	2017
1912	2087
1912	2088
1912	2107
1912	2141
1912	2144
1912	2152
1912	2168
1913	1718
1913	1868
1913	1914
1914	1109
1914	1660
1914	1850
1914	1913
1915	179
1915	552
1915	779
1915	1417
1915	1472
1915	1661
1915	1985
1915	2058
1915	2142
1915	2154
1916	1896
1917	1404
1918	1273
1918	1402
1918	1906
1919	2068
1920	1342
1920	2073
1921	1780
1921	1781
1921	1786
1921	1922
1921	2016
1922	1780
1922	1781
1922	1786
1922	1921
1922	2016
1923	1695
1923	2071
1924	1291
1924	1485
1925	1077
1925	2405
1926	1501
1927	864
1927	1419
1927	1672
1928	172
1928	1521
1929	1564
1929	1573
1929	1778
1929	1930
1930	1929
1931	2
1931	861
1931	1127
1931	1210
1931	1845
1932	1018
1933	1081
1934	1912
1935	1029
1935	1242
1935	1404
1936	1048
1937	1059
1938	1044
1938	1176
1938	1468
1938	1865
1938	1881
1938	1939
1939	1183
1939	1865
1939	1938
1940	1361
1940	1756
1941	1756
1942	1820
1942	1943
1943	1625
1943	1749
1943	1750
1943	1942
1944	1079
1944	1596
1945	552
1945	886
1945	1845
1946	1110
1946	1145
1947	1290
1947	1757
1948	1044
1948	1468
1948	1996
1948	2073
1949	1044
1949	1468
1949	1996
1950	251
1950	1381
1951	1025
1951	1407
1952	354
1952	1100
1952	1670
1952	1953
1953	1670
1953	1952
1954	694
1954	1149
1955	1053
1955	1064
1956	1053
1956	1064
1957	1053
1957	1064
1958	1135
1958	1201
1958	1221
1958	1966
1958	2043
1958	2114
1959	1346
1959	1351
1959	1898
1960	1545
1960	1852
1960	2105
1961	1012
1961	1722
1962	474
1962	861
1962	1966
1962	2153
1963	861
1963	904
1963	1127
1964	1396
1964	1397
1964	1398
1964	1965
1965	1396
1965	1398
1965	1964
1966	1089
1966	1606
1966	1640
1966	1958
1966	1962
1966	2153
1967	1969
1968	1804
1968	1971
1969	1154
1969	1967
1970	1277
1970	1355
1970	1993
1971	1325
1971	1634
1971	1968
1971	2020
1972	1447
1972	1973
1973	1372
1973	1458
1973	1511
1973	1972
1973	2142
1974	1044
1974	1141
1974	1283
1974	1421
1974	1468
1974	1539
1974	2026
1974	2027
1974	2044
1974	2105
1975	58
1975	2028
1976	1386
1976	1435
1977	1386
1978	676
1978	677
1978	1744
1979	1069
1979	1348
1979	1581
1979	1728
1979	1729
1979	1731
1980	9
1980	308
1980	1744
1981	1982
1982	1870
1982	1981
1983	1239
1983	1511
1983	2142
1984	761
1984	1309
1985	31
1985	179
1985	779
1985	1661
1985	1890
1985	1915
1986	1688
1986	1810
1987	1688
1988	1212
1988	1814
1989	1991
1990	1177
1990	1991
1991	1177
1991	1989
1991	1990
1992	89
1992	886
1992	1279
1992	1845
1993	89
1993	886
1993	1279
1993	1675
1993	1845
1993	1970
1994	1840
1995	2043
1996	1044
1996	1450
1996	1468
1996	1948
1996	1949
1996	1997
1997	1485
1997	1996
1998	1212
1998	1459
1998	1568
1999	1330
1999	1459
1999	2000
1999	2103
2000	1212
2000	1256
2000	1420
2000	1568
2000	1999
2000	2044
2000	2102
2000	2103
2000	2105
2001	1033
2002	1339
2002	1433
2002	1527
2003	1090
2003	1222
2003	1623
2003	1769
2004	2005
2004	2006
2005	2004
2005	2006
2006	1477
2006	1874
2006	2004
2006	2005
2007	1635
2008	1032
2008	1756
2008	2009
2009	1032
2009	2008
2010	2011
2011	2010
2012	615
2012	1293
2013	1396
2013	1398
2014	1276
2015	2072
2016	1400
2016	1780
2016	1786
2016	1921
2016	1922
2017	1912
2018	1012
2018	1045
2018	1056
2018	1234
2018	1443
2018	1497
2018	1722
2018	1797
2018	2111
2019	1233
2019	2046
2020	1091
2020	1634
2020	1971
2021	1063
2021	1091
2022	1010
2022	2034
2023	1010
2023	2034
2024	2083
2025	945
2025	1011
2025	1236
2025	1347
2026	1898
2026	1974
2026	2027
2026	2043
2026	2044
2027	1898
2027	1974
2027	2026
2027	2043
2027	2044
2028	1287
2028	1773
2028	1975
2029	1372
2030	1040
2030	1117
2030	1305
2030	1473
2031	1305
2031	3182
2032	2033
2033	2032
2034	2022
2034	2023
2035	1521
2036	1281
2037	1252
2037	1275
2037	1364
2037	1577
2038	1220
2038	1795
2038	2263
2038	2640
2039	1464
2040	1131
2040	2041
2041	2040
2042	1774
2042	1814
2042	1841
2042	1901
2042	2043
2043	1149
2043	1250
2043	1306
2043	1700
2043	1840
2043	1841
2043	1958
2043	1995
2043	2026
2043	2027
2043	2042
2043	2044
2043	2068
2043	2168
2044	852
2044	1283
2044	1330
2044	1421
2044	1539
2044	1645
2044	1974
2044	2000
2044	2026
2044	2027
2044	2043
2044	2105
2045	1891
2046	1461
2046	1488
2046	1587
2046	2019
2046	2065
2047	1271
2048	2049
2048	2065
2048	2138
2049	2048
2049	2050
2050	1339
2050	2049
2051	1698
2052	1112
2053	1112
2054	1199
2055	1354
2056	2119
2057	1047
2058	31
2058	645
2058	779
2058	1018
2058	1915
2058	2059
2058	2084
2059	1472
2059	2058
2060	1163
2060	1784
2061	1343
2061	1719
2061	2062
2062	2061
2063	1404
2064	2091
2065	1453
2065	1706
2065	1822
2065	1873
2065	2046
2065	2048
2066	89
2066	1675
2067	1596
2068	1919
2068	2043
2069	1243
2070	2168
2071	1579
2071	1923
2072	1379
2072	1514
2072	2015
2073	1298
2073	1331
2073	1701
2073	1702
2073	1920
2073	1948
2074	266
2074	664
2074	904
2074	1303
2074	1871
2074	2154
2075	32
2075	2076
2076	1158
2076	1326
2076	1354
2076	1367
2076	1634
2076	2075
2077	2097
2078	2080
2079	2080
2080	2078
2080	2079
2080	2082
2081	1370
2082	2080
2083	2024
2084	2058
2085	1769
2086	1014
2086	1081
2086	1395
2087	1912
2088	1912
2089	1166
2090	1228
2090	1724
2091	1274
2091	2064
2092	1221
2093	2095
2094	1877
2094	2095
2095	2093
2095	2094
2096	1101
2096	1141
2097	218
2097	875
2097	1112
2097	2077
2098	311
2098	1098
2098	1142
2098	1576
2098	1720
2098	3004
2099	1166
2099	1748
2100	2101
2101	1794
2101	2100
2102	2000
2102	2103
2103	1999
2103	2000
2103	2102
2103	2105
2104	2105
2105	1191
2105	1330
2105	1960
2105	1974
2105	2000
2105	2044
2105	2103
2105	2104
2106	1119
2107	1912
2108	1066
2109	1308
2109	1481
2110	1031
2111	773
2111	1148
2111	1240
2111	2018
2112	1424
2112	1448
2112	1533
2113	1266
2114	1049
2114	1297
2114	1958
2115	2168
2116	1767
2116	1768
2117	1347
2118	109
2118	201
2118	1492
2119	2056
2119	2120
2120	2119
2121	1242
2122	962
2122	2123
2122	2124
2123	962
2123	2122
2124	2122
2125	1099
2126	1099
2127	405
2127	1508
2128	1051
2128	1192
2128	1404
2128	1677
2128	2134
2129	1392
2129	1744
2130	1067
2130	1209
2130	1618
2130	2140
2131	1015
2131	1617
2132	1042
2132	1114
2132	1253
2132	1479
2132	1495
2132	1631
2132	1823
2133	1369
2134	2128
2135	2136
2135	2137
2136	1908
2136	2135
2137	2135
2138	1801
2138	2048
2139	2155
2140	2130
2141	1201
2141	1912
2141	2143
2142	31
2142	645
2142	779
2142	1372
2142	1915
2142	1973
2142	1983
2143	645
2143	2141
2144	1201
2144	1430
2144	1431
2144	1912
2145	1807
2146	1796
2147	1828
2148	1608
2149	1070
2150	768
2150	1229
2150	1414
2151	1082
2152	1912
2152	2168
2153	1962
2153	1966
2154	552
2154	904
2154	1915
2154	2074
2155	2139
2156	2157
2157	2156
2158	1042
2158	1631
2159	1168
2159	2162
2159	2631
2159	2981
2159	3258
2160	1861
2161	441
2161	1136
2161	1629
2161	1797
2161	1846
2162	1131
2162	1168
2162	1526
2162	2159
2163	1099
2164	1099
2164	2165
2165	2164
2166	1173
2166	2167
2167	1173
2167	1383
2167	2166
2168	1912
2168	2043
2168	2070
2168	2115
2168	2152
2169	1686
2169	1903
2170	2871
2171	2568
2171	2708
2172	2193
2173	2901
2174	647
2174	1011
2174	2835
2175	2494
2176	844
2176	2652
2176	3112
2177	2295
2177	2344
2178	2520
2179	3096
2180	2642
2181	3253
2182	2292
2182	2612
2183	3102
2184	2481
2184	2527
2185	2471
2186	1429
2186	2226
2187	2633
2188	2201
2189	56
2189	3233
2190	2486
2191	2270
2192	2571
2192	2985
2193	2172
2194	32
2194	778
2194	827
2194	2443
2194	3118
2195	2879
2196	2255
2196	2734
2197	2867
2197	2868
2198	2650
2198	3057
2199	183
2199	2610
2199	2825
2200	3166
2201	2188
2202	1704
2202	2264
2202	3045
2203	2315
2204	2408
2204	2457
2204	2668
2204	3089
2205	2234
2205	2712
2205	3212
2206	975
2206	2815
2206	3189
2207	2490
2208	3004
2209	2997
2210	3149
2211	2376
2211	3108
2212	471
2212	2495
2212	2641
2212	3073
2213	2547
2214	2254
2214	2474
2214	3127
2215	2538
2215	2751
2215	2752
2215	2982
2216	2383
2217	2329
2217	2781
2218	2814
2219	3252
2220	2575
2221	2333
2221	3223
2222	2521
2222	2993
2222	3157
2223	2671
2223	3114
2224	3011
2224	3012
2225	2953
2226	2186
2227	3227
2228	2976
2229	3072
2230	3145
2231	2664
2232	2641
2233	2313
2233	3034
2234	1631
2234	2205
2235	301
2235	2299
2235	2375
2235	2466
2236	2994
2236	2995
2237	3143
2237	3144
2238	2718
2239	2768
2240	2872
2241	2921
2241	3129
2242	3263
2243	2288
2243	2859
2244	2501
2245	2534
2246	2841
2247	1631
2247	2981
2247	3161
2248	2459
2248	2709
2249	354
2249	2288
2249	2412
2249	2425
2249	2716
2250	1418
2250	3082
2251	2295
2251	2344
2252	2397
2253	1808
2253	2917
2253	2925
2254	2214
2255	2196
2256	555
2256	2862
2257	2748
2258	2791
2259	2361
2259	3031
2260	3011
2261	2581
2261	2629
2262	2749
2262	2967
2263	2038
2263	3084
2264	1704
2264	2202
2264	3045
2265	625
2265	2813
2266	2989
2267	685
2267	904
2267	1196
2267	1467
2267	3000
2268	2722
2269	2518
2270	2191
2271	854
2271	1515
2271	2624
2272	3101
2273	2291
2274	2593
2274	2594
2275	2802
2276	3169
2277	2300
2278	2765
2279	3008
2280	2800
2281	279
2281	2934
2282	1540
2282	2746
2283	3148
2284	2802
2284	3117
2285	2735
2286	3208
2287	2983
2288	2243
2288	2249
2289	2860
2290	2885
2291	2273
2291	2488
2292	2182
2293	2990
2294	2873
2295	2177
2295	2251
2295	2344
2296	2801
2297	2900
2297	3224
2298	2519
2299	2235
2299	3083
2300	2277
2301	3105
2301	3106
2302	3113
2303	3236
2304	2740
2305	1003
2305	2391
2306	2440
2307	3245
2308	2541
2308	2847
2308	2848
2309	2386
2309	2616
2310	2608
2311	2583
2311	3157
2312	2802
2313	2233
2313	3034
2313	3131
2314	2572
2314	2573
2315	2203
2316	3175
2317	1664
2317	3109
2318	3234
2319	2957
2320	1171
2320	2921
2321	2482
2322	3123
2322	3244
2323	3154
2323	3201
2324	850
2324	3077
2325	2703
2325	3082
2326	3019
2327	378
2327	973
2327	2574
2328	724
2328	2385
2328	3120
2329	2217
2330	332
2330	2510
2331	3132
2332	2439
2332	2602
2333	2221
2334	3181
2335	2830
2336	2529
2337	2705
2337	3150
2338	2764
2338	2875
2339	2973
2339	3228
2340	2462
2341	2545
2342	2345
2342	2778
2343	2911
2344	2177
2344	2251
2344	2295
2345	2342
2346	2806
2347	2544
2348	2809
2349	130
2349	460
2349	2536
2349	3209
2350	613
2350	2866
2351	1785
2351	2893
2352	2403
2353	3239
2354	3144
2355	2499
2356	3030
2357	2805
2358	377
2358	2407
2358	3097
2359	2666
2360	2405
2361	2259
2361	3167
2361	3168
2361	3170
2362	2930
2363	2484
2364	2655
2364	2656
2364	2657
2365	3240
2366	2606
2367	715
2367	3141
2368	794
2368	2653
2369	2786
2370	2842
2371	2659
2372	2757
2373	2725
2374	2907
2375	2235
2375	3083
2376	2211
2376	2472
2377	2753
2378	3163
2379	1740
2379	2382
2380	3136
2381	2653
2382	2379
2383	2216
2384	2940
2384	3256
2385	724
2385	875
2385	2328
2386	218
2386	875
2386	2309
2387	2533
2387	2755
2387	2756
2387	2991
2388	3128
2389	2926
2390	2533
2390	2756
2391	2305
2392	354
2392	2559
2393	2710
2394	2661
2395	3229
2396	2713
2397	2252
2398	3090
2399	3211
2400	959
2400	3001
2401	2607
2402	2936
2403	2352
2403	2725
2403	2972
2404	2896
2404	3003
2405	671
2405	1925
2405	2360
2405	2420
2406	2853
2407	2358
2408	2204
2409	2855
2410	2423
2411	2728
2412	2249
2413	3064
2413	3134
2414	873
2414	3111
2415	2505
2416	2755
2416	2991
2417	3172
2418	2739
2419	3194
2420	671
2420	2405
2420	3121
2420	3240
2421	2448
2421	2684
2421	2783
2421	3198
2422	2647
2423	2410
2424	854
2424	2672
2424	3065
2425	2249
2426	3194
2427	3123
2427	3124
2427	3244
2428	2679
2429	365
2429	2507
2430	441
2430	2634
2430	2635
2431	2543
2432	3035
2433	3230
2434	2878
2435	2944
2436	2880
2437	2946
2437	2947
2437	2948
2438	860
2438	2820
2438	2821
2439	2332
2439	2532
2439	2602
2439	3182
2440	2306
2441	2799
2442	3110
2443	80
2443	827
2443	1540
2443	1664
2443	2194
2443	2988
2443	3109
2443	3118
2444	680
2444	2761
2445	2876
2446	373
2446	2645
2447	38
2447	278
2447	2828
2448	2421
2448	2684
2448	2783
2449	413
2449	2838
2450	2453
2451	3156
2451	3158
2452	2521
2453	1513
2453	2450
2454	2896
2455	2787
2456	2516
2457	2204
2458	2688
2459	2248
2459	2568
2459	2708
2460	2992
2460	3213
2461	2532
2462	2340
2463	3190
2464	2609
2465	285
2465	2909
2466	2235
2466	3083
2467	2874
2468	3083
2469	2563
2470	3140
2471	2185
2472	2376
2473	2558
2474	2214
2475	2897
2476	2824
2477	685
2477	1196
2477	1467
2477	3000
2478	3247
2479	2897
2480	2668
2481	2184
2482	2321
2483	2831
2483	2996
2483	3135
2484	2363
2485	2921
2486	2190
2487	2667
2488	2291
2489	3034
2490	2207
2491	2616
2491	2626
2491	3254
2492	3011
2492	3012
2493	3160
2494	2175
2495	2212
2496	2577
2497	3090
2498	3066
2499	2355
2499	3066
2500	2816
2501	2244
2502	2984
2503	2537
2504	3177
2505	2415
2506	2774
2507	2429
2507	2780
2508	2704
2509	2963
2510	2330
2511	311
2511	2512
2512	311
2512	2511
2513	2515
2513	2684
2513	2980
2514	2684
2514	2980
2515	2513
2515	2980
2516	2456
2516	2517
2516	2587
2516	3083
2517	2516
2518	2269
2519	2298
2520	2178
2520	2782
2520	3002
2521	2222
2521	2452
2521	2993
2521	3156
2522	2523
2522	2870
2522	2910
2523	2522
2524	2957
2525	2957
2526	3228
2527	2184
2528	2861
2529	2336
2529	2576
2530	2944
2530	3095
2531	2964
2531	2965
2532	2439
2532	2461
2533	2387
2533	2390
2533	2755
2533	2756
2534	2245
2535	3068
2536	2349
2536	3209
2537	2503
2537	2698
2538	2215
2538	2752
2538	2982
2539	246
2539	3078
2540	2561
2541	2308
2541	2847
2541	2848
2542	2543
2543	2431
2543	2542
2544	2347
2545	2341
2546	2547
2547	2213
2547	2546
2548	2729
2549	2701
2550	344
2550	2551
2551	2550
2552	3147
2553	2930
2554	2628
2554	3171
2555	3119
2556	2884
2557	2611
2558	2473
2558	2669
2559	351
2559	354
2559	2392
2559	2560
2560	354
2560	2559
2560	2742
2561	2540
2562	2638
2563	352
2563	2469
2564	2565
2564	2566
2564	2648
2565	354
2565	780
2565	2564
2565	2566
2566	354
2566	2564
2566	2565
2567	2717
2568	2171
2568	2459
2569	820
2569	2670
2569	2671
2570	3249
2571	63
2571	1310
2571	2192
2571	3122
2571	3142
2572	2314
2572	2573
2573	2314
2573	2572
2574	378
2574	2327
2575	2220
2576	2529
2577	2496
2577	2942
2577	3051
2578	3067
2579	2620
2580	2581
2580	2677
2581	2261
2581	2580
2581	2779
2582	2738
2583	2311
2583	2591
2584	2585
2585	2584
2585	2586
2586	2585
2587	2516
2588	2731
2588	2793
2589	2590
2590	2589
2591	2583
2592	2594
2592	2595
2592	2597
2593	2274
2593	2594
2594	2274
2594	2592
2594	2593
2594	2595
2594	2596
2595	2592
2595	2594
2595	2596
2596	2594
2596	2595
2596	2597
2597	2592
2597	2596
2598	2599
2599	2598
2600	2829
2601	2763
2602	2332
2602	2439
2602	3182
2602	3246
2603	2604
2604	2603
2605	2978
2606	2366
2607	2401
2607	2694
2607	3216
2608	2310
2609	2464
2610	2199
2611	2557
2612	2182
2613	2614
2614	2613
2615	3024
2616	218
2616	875
2616	2309
2616	2491
2616	2887
2617	781
2617	2618
2618	781
2618	2617
2619	185
2619	3003
2619	3075
2620	2579
2621	2623
2622	2623
2623	2621
2623	2622
2624	2271
2624	3082
2625	2675
2625	3045
2626	2491
2627	2637
2628	691
2628	913
2628	2554
2628	2955
2629	2261
2630	2686
2630	3210
2631	1526
2631	2159
2631	3258
2632	2663
2633	2187
2634	1284
2634	1300
2634	2430
2634	2635
2635	1528
2635	1529
2635	2430
2635	2634
2636	2903
2637	2627
2638	2562
2639	2640
2640	2038
2640	2639
2641	32
2641	441
2641	737
2641	2212
2641	2232
2641	2717
2641	3040
2642	2180
2643	2684
2643	3198
2644	2645
2644	2646
2645	685
2645	904
2645	2446
2645	2644
2645	3146
2646	904
2646	2644
2647	2422
2648	2564
2649	3098
2650	2198
2650	3057
2651	2750
2652	80
2652	2176
2653	2368
2653	2381
2654	2682
2655	2364
2655	2656
2655	2657
2656	2364
2656	2655
2656	2657
2657	2364
2657	2655
2657	2656
2658	3250
2659	685
2659	686
2659	768
2659	904
2659	1711
2659	2371
2660	2661
2660	2662
2661	2394
2661	2660
2661	2662
2662	2660
2662	2661
2663	2632
2664	2231
2665	2890
2666	2359
2667	2487
2668	2204
2668	2480
2669	1862
2669	2558
2669	3101
2670	2569
2671	2223
2671	2569
2672	854
2672	1418
2672	2424
2672	3065
2673	3185
2674	3232
2675	2625
2676	3240
2677	2580
2678	2834
2679	2428
2680	2711
2680	2945
2681	2795
2682	2654
2683	2733
2684	2421
2684	2448
2684	2513
2684	2514
2684	2643
2684	2783
2684	3198
2685	3048
2686	2630
2687	2905
2688	2458
2689	2690
2690	2689
2691	2692
2692	2691
2693	2975
2694	2607
2694	3240
2695	2696
2696	2695
2697	2716
2697	2750
2698	2537
2699	2881
2700	552
2700	886
2700	890
2700	904
2700	3130
2701	2549
2702	2950
2703	2325
2704	2508
2705	2337
2705	2718
2705	3150
2706	2779
2707	3007
2708	2171
2708	2459
2709	2248
2710	1525
2710	2393
2711	714
2711	2680
2712	2205
2713	2396
2714	1120
2714	2850
2715	3251
2716	2249
2716	2697
2716	2803
2716	3038
2717	122
2717	464
2717	2567
2717	2641
2717	3073
2718	2238
2718	2705
2718	3150
2719	2720
2720	2719
2721	3218
2722	2268
2723	2826
2724	2857
2725	1705
2725	2373
2725	2403
2726	2727
2727	2726
2728	850
2728	2411
2728	3077
2729	2548
2730	3023
2731	2588
2732	2921
2733	2683
2734	2196
2735	2285
2736	3178
2737	441
2737	1525
2737	2956
2738	2582
2739	805
2739	2418
2739	3226
2740	2304
2741	3099
2742	354
2742	2560
2743	3231
2744	3193
2745	42
2745	2754
2746	32
2746	1355
2746	2282
2747	2748
2748	2257
2748	2747
2749	2262
2749	3047
2750	2651
2750	2697
2751	2215
2752	2215
2752	2538
2752	2840
2752	2982
2753	2377
2754	2745
2755	2387
2755	2416
2755	2533
2755	2991
2755	3052
2756	2387
2756	2390
2756	2533
2757	2372
2758	2759
2759	2758
2760	2912
2761	2444
2761	2827
2762	552
2762	3162
2763	1225
2763	2601
2764	2338
2765	2278
2765	2766
2766	1239
2766	2765
2767	2960
2768	2239
2769	3197
2770	339
2770	3085
2771	2772
2772	2771
2773	3050
2774	2506
2775	2777
2775	3070
2775	3071
2776	2777
2777	2775
2777	2776
2778	2342
2779	2581
2779	2706
2779	3086
2780	2507
2781	2217
2782	32
2782	471
2782	2520
2783	2421
2783	2448
2783	2684
2784	2785
2785	2784
2786	2369
2787	2455
2788	2789
2789	2788
2790	2857
2791	2258
2792	2894
2793	2588
2794	2941
2795	2681
2796	1901
2796	3081
2797	2843
2798	3173
2799	2441
2799	2899
2800	2280
2801	2296
2802	2275
2802	2284
2802	2312
2802	3116
2802	3117
2802	3154
2803	2716
2804	2928
2805	2357
2806	2346
2807	2808
2807	2852
2808	2807
2809	2348
2809	2810
2810	2809
2810	3065
2811	2812
2812	2811
2813	625
2813	2265
2814	2218
2815	2206
2815	3189
2816	2500
2817	1803
2817	2818
2817	2819
2818	2817
2819	2817
2820	2438
2821	2438
2822	2823
2823	2822
2824	2476
2825	185
2825	199
2825	2199
2826	1352
2826	2723
2827	2761
2828	2447
2829	2600
2830	1004
2830	2335
2831	2483
2832	2898
2833	2834
2833	3088
2834	2678
2834	2833
2834	3140
2834	3240
2835	647
2835	945
2835	2174
2836	3136
2837	2895
2837	2979
2838	413
2838	2449
2839	2902
2839	3126
2840	2752
2841	2246
2842	2370
2843	1577
2843	2797
2844	2937
2844	3063
2845	2882
2846	2913
2847	2308
2847	2541
2848	2308
2848	2541
2848	3006
2848	3155
2848	3232
2849	3250
2850	2714
2851	3092
2852	2807
2853	2406
2853	3194
2854	2855
2854	2856
2855	2409
2855	2854
2856	2854
2857	2724
2857	2790
2858	2886
2859	2243
2860	2289
2861	2528
2862	555
2862	2256
2862	3008
2863	652
2863	2865
2864	2865
2865	2863
2865	2864
2866	2350
2867	2197
2868	2197
2869	3233
2870	2522
2871	2170
2872	2240
2873	2294
2874	2467
2875	2338
2876	2445
2877	3003
2878	2434
2879	2195
2880	2436
2881	2699
2882	2845
2883	2908
2884	1884
2884	2556
2885	2290
2886	2858
2887	2616
2888	2889
2889	2888
2890	96
2890	2665
2890	2891
2891	2890
2892	3203
2893	2351
2894	2792
2895	2837
2896	2404
2896	2454
2896	2943
2897	2475
2897	2479
2898	2832
2899	2799
2900	2297
2900	3224
2900	3225
2901	2173
2902	2839
2903	2636
2903	2904
2904	2903
2905	2687
2906	3036
2907	2374
2908	2883
2909	2465
2910	2522
2911	2343
2912	2760
2913	2846
2914	1171
2914	2921
2915	1150
2916	2919
2916	2922
2917	2253
2918	2921
2919	2916
2919	2922
2920	2921
2921	1171
2921	1808
2921	2241
2921	2320
2921	2485
2921	2732
2921	2914
2921	2918
2921	2920
2921	2924
2921	3129
2922	2916
2922	2919
2923	1808
2923	2925
2924	2921
2925	2253
2925	2923
2926	2389
2927	715
2927	3141
2928	2804
2929	3100
2930	2362
2930	2553
2931	2932
2932	2931
2933	3179
2934	279
2934	1892
2934	2281
2935	1525
2935	3164
2936	2402
2937	2844
2937	3174
2938	3037
2939	3076
2940	2384
2940	3256
2941	2794
2942	2577
2943	2896
2943	3003
2944	2435
2944	2530
2945	2680
2946	2437
2946	2947
2946	2949
2947	2437
2947	2946
2947	2948
2948	675
2948	2437
2948	2947
2948	2949
2949	2946
2949	2948
2950	529
2950	2702
2951	2952
2952	2951
2953	2225
2954	3264
2955	2628
2956	1846
2956	2737
2957	2319
2957	2524
2957	2525
2957	2958
2957	3187
2958	2957
2959	3067
2960	2767
2961	3219
2962	3260
2963	2509
2964	2531
2965	279
2965	2531
2965	2966
2966	279
2966	2965
2967	2262
2968	1395
2968	2969
2969	1846
2969	2968
2970	2971
2971	2970
2972	2403
2973	820
2973	1853
2973	2339
2973	3228
2974	373
2974	2975
2974	3125
2975	297
2975	373
2975	471
2975	2693
2975	2974
2975	3125
2976	2228
2976	2977
2977	2976
2978	2605
2979	2837
2980	935
2980	2513
2980	2514
2980	2515
2981	1526
2981	2159
2981	2247
2982	2215
2982	2538
2982	2752
2983	2287
2984	2502
2985	2192
2986	2987
2987	2986
2988	32
2988	778
2988	827
2988	1664
2988	2443
2988	3118
2989	2266
2990	2293
2991	2387
2991	2416
2991	2755
2992	2460
2993	2222
2993	2521
2993	3017
2993	3156
2994	2236
2994	2995
2995	2236
2995	2994
2996	2483
2997	1824
2997	2209
2998	3005
2999	3033
3000	769
3000	904
3000	2267
3000	2477
3001	769
3001	904
3001	2400
3002	2520
3003	185
3003	2404
3003	2619
3003	2877
3003	2943
3003	3069
3003	3075
3004	2098
3004	2208
3005	2998
3006	637
3006	2848
3006	3155
3007	2707
3008	2279
3008	2862
3009	3010
3010	3009
3011	2224
3011	2260
3011	2492
3011	3012
3011	3014
3012	2224
3012	2492
3012	3011
3012	3013
3013	3012
3014	3011
3015	3016
3016	3015
3017	2993
3018	3185
3019	2326
3020	3021
3021	3020
3021	3022
3022	3021
3023	2730
3024	2615
3025	3026
3025	3027
3026	3025
3026	3027
3027	3025
3027	3026
3028	3029
3029	3028
3030	2356
3031	2259
3031	3032
3032	3031
3033	2999
3034	2233
3034	2313
3034	2489
3034	3131
3035	2432
3036	2906
3037	2938
3038	2716
3039	3040
3040	2641
3040	3039
3041	3042
3041	3044
3042	3041
3042	3044
3043	3044
3044	3041
3044	3042
3044	3043
3045	992
3045	2202
3045	2264
3045	2625
3046	3067
3047	2749
3048	2685
3049	3151
3050	2773
3051	896
3051	2577
3052	2755
3053	3054
3053	3055
3053	3137
3054	3053
3054	3055
3054	3137
3055	3053
3055	3054
3056	3057
3057	2198
3057	2650
3057	3056
3058	3059
3059	3058
3059	3060
3060	3059
3061	3062
3061	3228
3062	3061
3063	2844
3063	3174
3064	2413
3065	854
3065	1418
3065	2424
3065	2672
3065	2810
3066	2498
3066	2499
3067	2578
3067	2959
3067	3046
3068	2535
3069	3003
3070	2775
3071	2775
3072	2229
3073	2212
3073	2717
3074	3145
3075	183
3075	2619
3075	3003
3076	2939
3077	2324
3077	2728
3078	2539
3079	3080
3080	194
3080	3079
3081	1695
3081	1901
3081	2796
3082	854
3082	1844
3082	2250
3082	2325
3082	2624
3083	2299
3083	2375
3083	2466
3083	2468
3083	2516
3084	2263
3085	2770
3086	2779
3087	291
3087	3088
3088	2833
3088	3087
3089	2204
3090	2398
3090	2497
3090	3091
3091	3090
3092	2851
3093	3094
3094	3093
3095	2530
3096	2179
3097	2358
3098	2649
3099	2741
3100	2929
3101	2272
3101	2669
3102	2183
3103	3104
3103	3105
3103	3106
3103	3107
3103	3108
3103	3248
3104	3103
3104	3106
3104	3107
3105	2301
3105	3103
3106	2301
3106	3103
3106	3104
3106	3107
3107	3103
3107	3104
3107	3106
3108	961
3108	2211
3108	3103
3109	1664
3109	2317
3109	2443
3110	2442
3111	873
3111	2414
3112	460
3112	2176
3112	3115
3113	2302
3114	339
3114	2223
3115	460
3115	3112
3116	2802
3117	2284
3117	2802
3118	80
3118	608
3118	2194
3118	2443
3118	2988
3119	2555
3120	2328
3121	2420
3122	2571
3123	2322
3123	2427
3123	3124
3123	3244
3124	2427
3124	3123
3124	3244
3125	2974
3125	2975
3126	2839
3127	2214
3128	2388
3128	3257
3129	2241
3129	2921
3130	2700
3131	2313
3131	3034
3132	2331
3133	3134
3134	2413
3134	3133
3135	2483
3136	2380
3136	2836
3137	3053
3137	3054
3138	401
3138	404
3138	3139
3139	3138
3140	402
3140	2470
3140	2834
3141	2367
3141	2927
3142	2571
3143	2237
3143	3144
3144	2237
3144	2354
3144	3143
3145	2230
3145	3074
3146	266
3146	904
3146	2645
3147	2552
3148	2283
3149	2210
3150	2337
3150	2705
3150	2718
3151	3049
3152	3153
3153	3152
3154	2323
3154	2802
3155	2848
3155	3006
3156	2451
3156	2521
3156	2993
3156	3157
3157	2222
3157	2311
3157	3156
3158	2451
3159	614
3159	3188
3160	2493
3161	2247
3162	2762
3163	576
3163	2378
3164	2935
3165	3167
3166	2200
3166	3167
3166	3170
3167	2361
3167	3165
3167	3166
3168	2361
3169	2276
3170	2361
3170	3166
3171	614
3171	2554
3172	2417
3173	2798
3174	2937
3174	3063
3175	2316
3176	3194
3176	3235
3177	2504
3178	2736
3179	2933
3180	3181
3181	2334
3181	3180
3182	2031
3182	2439
3182	2602
3183	3184
3184	3183
3185	2673
3185	3018
3186	3187
3187	2957
3187	3186
3188	3159
3189	2206
3189	2815
3190	615
3190	2463
3191	3192
3192	3191
3193	2744
3194	2419
3194	2426
3194	2853
3194	3176
3195	3196
3196	3195
3197	2769
3198	2421
3198	2643
3198	2684
3199	3200
3200	3199
3201	2323
3202	3243
3203	2892
3204	3205
3205	3204
3206	184
3206	3207
3207	3206
3208	2286
3209	1518
3209	2349
3209	2536
3210	2630
3211	2399
3212	341
3212	2205
3213	2460
3214	3215
3214	3217
3215	3214
3215	3217
3216	1648
3216	1818
3216	2607
3217	3214
3217	3215
3218	2721
3219	2961
3220	3221
3220	3222
3221	185
3221	3220
3222	3220
3223	2221
3224	2297
3224	2900
3225	2900
3226	2739
3227	446
3227	2227
3228	1853
3228	1854
3228	2339
3228	2526
3228	2973
3228	3061
3229	2395
3230	2433
3231	2743
3232	2674
3232	2848
3233	56
3233	971
3233	2189
3233	2869
3234	2318
3235	3176
3236	2303
3237	3238
3238	3237
3239	2353
3240	2365
3240	2420
3240	2676
3240	2694
3240	2834
3241	3242
3242	3241
3243	3202
3244	2322
3244	2427
3244	3123
3244	3124
3245	57
3245	2307
3246	2602
3247	2478
3248	3103
3249	852
3249	2570
3250	2658
3250	2849
3251	2715
3252	2219
3253	2181
3254	2491
3255	3259
3256	218
3256	875
3256	2384
3256	2940
3257	3128
3258	1526
3258	2159
3258	2631
3259	3255
3260	2962
3261	3262
3262	3261
3263	2242
3264	2954
